     1   1.6151e-01 
     2   1.6151e-01 
     3   1.6151e-01 
     4   1.6151e-01 
     5   1.6151e-01 
     6   1.6151e-01 
     7   1.6151e-01 
     8   1.6151e-01 
     9   1.6151e-01 
    10   1.6150e-01 
    11   1.6150e-01 
    12   1.6147e-01 
    13   1.6125e-01 
    14   1.5971e-01 
    15   1.4936e-01 
    16   9.7692e-02 
    17   3.7095e-03 
    18   3.7330e-02 
    19   4.4898e-02 
    20   4.6075e-02 
    21   4.6310e-02 
    22   4.6407e-02 
    23   4.6480e-02 
    24   4.6545e-02 
    25   4.6605e-02 
    26   4.6661e-02 
    27   4.6713e-02 
    28   4.6762e-02 
    29   4.6809e-02 
    30   4.6852e-02 
    31   4.6893e-02 
    32   4.6933e-02 
    33   4.6970e-02 
    34   4.7006e-02 
    35   4.7039e-02 
    36   4.7070e-02 
    37   4.7100e-02 
    38   4.7130e-02 
    39   4.7159e-02 
    40   4.7186e-02 
    41   4.7211e-02 
    42   4.7235e-02 
    43   4.7260e-02 
    44   4.7284e-02 
    45   4.7306e-02 
    46   4.7327e-02 
    47   4.7349e-02 
    48   4.7370e-02 
    49   4.7390e-02 
    50   4.7408e-02 
    51   4.7427e-02 
    52   4.7448e-02 
    53   4.7467e-02 
    54   4.7484e-02 
    55   4.7501e-02 
    56   4.7519e-02 
    57   4.7537e-02 
    58   4.7553e-02 
    59   4.7567e-02 
    60   4.7584e-02 
    61   4.7608e-02 
    62   4.7622e-02 
    63   4.7610e-02 
    64   4.7532e-02 
    65   4.7281e-02 
    66   4.6597e-02 
    67   4.4861e-02 
    68   4.0926e-02 
    69   3.5391e-02 
    70   3.2322e-02 
    71   2.8669e-02 
    72   2.1543e-02 
    73   1.3295e-02 
    74   7.2452e-03 
    75   4.3693e-03 
    76   3.6270e-03 
    77   3.7747e-03 
    78   4.1211e-03 
    79   4.4451e-03 
    80   4.7285e-03 
    81   4.9468e-03 
    82   5.0343e-03 
    83   4.9385e-03 
    84   4.6333e-03 
    85   4.2083e-03 
    86   3.8112e-03 
    87   3.4285e-03 
    88   3.0775e-03 
    89   2.7820e-03 
    90   2.5435e-03 
    91   2.3490e-03 
    92   2.1648e-03 
    93   1.9872e-03 
    94   1.8485e-03 
    95   1.7443e-03 
    96   1.6379e-03 
    97   1.5322e-03 
    98   1.4433e-03 
    99   1.3749e-03 
   100   1.3274e-03 
   101   1.2992e-03 
   102   1.2831e-03 
   103   1.2757e-03 
   104   1.2810e-03 
   105   1.2925e-03 
   106   1.3106e-03 
   107   1.3258e-03 
   108   1.3399e-03 
   109   1.3380e-03 
   110   1.3274e-03 
   111   1.3145e-03 
   112   1.3024e-03 
   113   1.2894e-03 
   114   1.2726e-03 
   115   1.2565e-03 
   116   1.2445e-03 
   117   1.2366e-03 
   118   1.2355e-03 
   119   1.2425e-03 
   120   1.2579e-03 
   121   1.2741e-03 
   122   1.2828e-03 
   123   1.2727e-03 
   124   1.2525e-03 
   125   1.2701e-03 
   126   1.2498e-03 
   127   1.1795e-03 
   128   1.0910e-03 
   129   1.0099e-03 
   130   9.4565e-04 
   131   8.9974e-04 
   132   8.6862e-04 
   133   8.4484e-04 
   134   8.2334e-04 
   135   8.0407e-04 
   136   7.8564e-04 
   137   7.6618e-04 
   138   7.4628e-04 
   139   7.2681e-04 
   140   7.0787e-04 
   141   6.9066e-04 
   142   6.7578e-04 
   143   6.6323e-04 
   144   6.5284e-04 
   145   6.4536e-04 
   146   6.4024e-04 
   147   6.3946e-04 
   148   6.4271e-04 
   149   6.5045e-04 
   150   6.6193e-04 
   151   6.7751e-04 
   152   6.9552e-04 
   153   7.1356e-04 
   154   7.2931e-04 
   155   7.3983e-04 
   156   7.4526e-04 
   157   7.4360e-04 
   158   7.3567e-04 
   159   7.2530e-04 
   160   7.1102e-04 
   161   6.9399e-04 
   162   6.7443e-04 
   163   6.5301e-04 
   164   6.3222e-04 
   165   6.1361e-04 
   166   5.9666e-04 
   167   5.8152e-04 
   168   5.6986e-04 
   169   5.5959e-04 
   170   5.5058e-04 
   171   5.4340e-04 
   172   5.3808e-04 
   173   5.3444e-04 
   174   5.3226e-04 
   175   5.3267e-04 
   176   5.3514e-04 
   177   5.4109e-04 
   178   5.4800e-04 
   179   5.5434e-04 
   180   5.5833e-04 
   181   5.5673e-04 
   182   5.4677e-04 
   183   5.3096e-04 
   184   5.1042e-04 
   185   4.8862e-04 
   186   4.7187e-04 
   187   4.5552e-04 
   188   4.4073e-04 
   189   4.2746e-04 
   190   4.1575e-04 
   191   4.0479e-04 
   192   3.9460e-04 
   193   3.8521e-04 
   194   3.7663e-04 
   195   3.6911e-04 
   196   3.6214e-04 
   197   3.5560e-04 
   198   3.4959e-04 
   199   3.4423e-04 
   200   3.3964e-04 
   201   3.3598e-04 
   202   3.3294e-04 
   203   3.3003e-04 
   204   3.2737e-04 
   205   3.2515e-04 
   206   3.2331e-04 
   207   3.2178e-04 
   208   3.2051e-04 
   209   3.1955e-04 
   210   3.1891e-04 
   211   3.1861e-04 
   212   3.1869e-04 
   213   3.1910e-04 
   214   3.1979e-04 
   215   3.2038e-04 
   216   3.2055e-04 
   217   3.2019e-04 
   218   3.1920e-04 
   219   3.1766e-04 
   220   3.1541e-04 
   221   3.1254e-04 
   222   3.0958e-04 
   223   3.0640e-04 
   224   3.0319e-04 
   225   2.9998e-04 
   226   2.9704e-04 
   227   2.9420e-04 
   228   2.9130e-04 
   229   2.8838e-04 
   230   2.8549e-04 
   231   2.8260e-04 
   232   2.7960e-04 
   233   2.7661e-04 
   234   2.7363e-04 
   235   2.7098e-04 
   236   2.6841e-04 
   237   2.6602e-04 
   238   2.6452e-04 
   239   2.6384e-04 
   240   2.6348e-04 
   241   2.6339e-04 
   242   2.6386e-04 
   243   2.6452e-04 
   244   2.6529e-04 
   245   2.6669e-04 
   246   2.6846e-04 
   247   2.7019e-04 
   248   2.7210e-04 
   249   2.7422e-04 
   250   2.7630e-04 
   251   2.7846e-04 
   252   2.8083e-04 
   253   2.8299e-04 
   254   2.8496e-04 
   255   2.8667e-04 
   256   2.8835e-04 
   257   2.8970e-04 
   258   2.9064e-04 
   259   2.9106e-04 
   260   2.9128e-04 
   261   2.9114e-04 
   262   2.9090e-04 
   263   2.9024e-04 
   264   2.8910e-04 
   265   2.8774e-04 
   266   2.8602e-04 
   267   2.8421e-04 
   268   2.8195e-04 
   269   2.7927e-04 
   270   2.7628e-04 
   271   2.7311e-04 
   272   2.6972e-04 
   273   2.6630e-04 
   274   2.6271e-04 
   275   2.5895e-04 
   276   2.5507e-04 
   277   2.5119e-04 
   278   2.4740e-04 
   279   2.4367e-04 
   280   2.3989e-04 
   281   2.3629e-04 
   282   2.3309e-04 
   283   2.2995e-04 
   284   2.2686e-04 
   285   2.2385e-04 
   286   2.2105e-04 
   287   2.1821e-04 
   288   2.1546e-04 
   289   2.1287e-04 
   290   2.1024e-04 
   291   2.0763e-04 
   292   2.0531e-04 
   293   2.0295e-04 
   294   2.0051e-04 
   295   1.9818e-04 
   296   1.9607e-04 
   297   1.9445e-04 
   298   1.9293e-04 
   299   1.9152e-04 
   300   1.9023e-04 
   301   1.8892e-04 
   302   1.8780e-04 
   303   1.8671e-04 
   304   1.8564e-04 
   305   1.8468e-04 
   306   1.8380e-04 
   307   1.8301e-04 
   308   1.8228e-04 
   309   1.8177e-04 
   310   1.8141e-04 
   311   1.8118e-04 
   312   1.8116e-04 
   313   1.8154e-04 
   314   1.8207e-04 
   315   1.8283e-04 
   316   1.8392e-04 
   317   1.8539e-04 
   318   1.8720e-04 
   319   1.8940e-04 
   320   1.9210e-04 
   321   1.9531e-04 
   322   1.9911e-04 
   323   2.0358e-04 
   324   2.0867e-04 
   325   2.1448e-04 
   326   2.2096e-04 
   327   2.2810e-04 
   328   2.3584e-04 
   329   2.4413e-04 
   330   2.5293e-04 
   331   2.6201e-04 
   332   2.7130e-04 
   333   2.8058e-04 
   334   2.9036e-04 
   335   2.9987e-04 
   336   3.0852e-04 
   337   3.1586e-04 
   338   3.2341e-04 
   339   3.3010e-04 
   340   3.3458e-04 
   341   3.3851e-04 
   342   3.4076e-04 
   343   3.4085e-04 
   344   3.4039e-04 
   345   3.3767e-04 
   346   3.3503e-04 
   347   3.3054e-04 
   348   3.2562e-04 
   349   3.1966e-04 
   350   3.1288e-04 
   351   3.0603e-04 
   352   2.9856e-04 
   353   2.9092e-04 
   354   2.8350e-04 
   355   2.7612e-04 
   356   2.6912e-04 
   357   2.6231e-04 
   358   2.5585e-04 
   359   2.4949e-04 
   360   2.4357e-04 
   361   2.3774e-04 
   362   2.3214e-04 
   363   2.2674e-04 
   364   2.2159e-04 
   365   2.1672e-04 
   366   2.1221e-04 
   367   2.0789e-04 
   368   2.0389e-04 
   369   2.0015e-04 
   370   1.9659e-04 
   371   1.9318e-04 
   372   1.8984e-04 
   373   1.8655e-04 
   374   1.8333e-04 
   375   1.8015e-04 
   376   1.7723e-04 
   377   1.7451e-04 
   378   1.7195e-04 
   379   1.6954e-04 
   380   1.6729e-04 
   381   1.6533e-04 
   382   1.6362e-04 
   383   1.6205e-04 
   384   1.6056e-04 
   385   1.5920e-04 
   386   1.5793e-04 
   387   1.5672e-04 
   388   1.5565e-04 
   389   1.5468e-04 
   390   1.5385e-04 
   391   1.5310e-04 
   392   1.5235e-04 
   393   1.5158e-04 
   394   1.5081e-04 
   395   1.5004e-04 
   396   1.4923e-04 
   397   1.4839e-04 
   398   1.4756e-04 
   399   1.4670e-04 
   400   1.4580e-04 
   401   1.4489e-04 
   402   1.4395e-04 
   403   1.4302e-04 
   404   1.4214e-04 
   405   1.4131e-04 
   406   1.4056e-04 
   407   1.3988e-04 
   408   1.3925e-04 
   409   1.3869e-04 
   410   1.3820e-04 
   411   1.3772e-04 
   412   1.3726e-04 
   413   1.3680e-04 
   414   1.3635e-04 
   415   1.3591e-04 
   416   1.3550e-04 
   417   1.3511e-04 
   418   1.3474e-04 
   419   1.3437e-04 
   420   1.3403e-04 
   421   1.3370e-04 
   422   1.3340e-04 
   423   1.3311e-04 
   424   1.3282e-04 
   425   1.3253e-04 
   426   1.3224e-04 
   427   1.3195e-04 
   428   1.3167e-04 
   429   1.3138e-04 
   430   1.3109e-04 
   431   1.3081e-04 
   432   1.3052e-04 
   433   1.3024e-04 
   434   1.2996e-04 
   435   1.2967e-04 
   436   1.2938e-04 
   437   1.2909e-04 
   438   1.2878e-04 
   439   1.2847e-04 
   440   1.2815e-04 
   441   1.2781e-04 
   442   1.2746e-04 
   443   1.2712e-04 
   444   1.2676e-04 
   445   1.2640e-04 
   446   1.2603e-04 
   447   1.2566e-04 
   448   1.2529e-04 
   449   1.2490e-04 
   450   1.2451e-04 
   451   1.2411e-04 
   452   1.2370e-04 
   453   1.2328e-04 
   454   1.2285e-04 
   455   1.2242e-04 
   456   1.2198e-04 
   457   1.2154e-04 
   458   1.2109e-04 
   459   1.2064e-04 
   460   1.2018e-04 
   461   1.1974e-04 
   462   1.1929e-04 
   463   1.1885e-04 
   464   1.1840e-04 
   465   1.1795e-04 
   466   1.1750e-04 
   467   1.1706e-04 
   468   1.1662e-04 
   469   1.1618e-04 
   470   1.1574e-04 
   471   1.1529e-04 
   472   1.1485e-04 
   473   1.1440e-04 
   474   1.1396e-04 
   475   1.1353e-04 
   476   1.1310e-04 
   477   1.1268e-04 
   478   1.1225e-04 
   479   1.1183e-04 
   480   1.1141e-04 
   481   1.1102e-04 
   482   1.1063e-04 
   483   1.1028e-04 
   484   1.0992e-04 
   485   1.0958e-04 
   486   1.0925e-04 
   487   1.0892e-04 
   488   1.0859e-04 
   489   1.0827e-04 
   490   1.0796e-04 
   491   1.0765e-04 
   492   1.0736e-04 
   493   1.0707e-04 
   494   1.0678e-04 
   495   1.0650e-04 
   496   1.0622e-04 
   497   1.0596e-04 
   498   1.0569e-04 
   499   1.0543e-04 
   500   1.0519e-04 
   501   1.0495e-04 
   502   1.0472e-04 
   503   1.0449e-04 
   504   1.0427e-04 
   505   1.0405e-04 
   506   1.0384e-04 
   507   1.0364e-04 
   508   1.0344e-04 
   509   1.0325e-04 
   510   1.0306e-04 
   511   1.0287e-04 
   512   1.0271e-04 
   513   1.0255e-04 
   514   1.0239e-04 
   515   1.0224e-04 
   516   1.0209e-04 
   517   1.0195e-04 
   518   1.0181e-04 
   519   1.0169e-04 
   520   1.0157e-04 
   521   1.0146e-04 
   522   1.0135e-04 
   523   1.0125e-04 
   524   1.0115e-04 
   525   1.0108e-04 
   526   1.0102e-04 
   527   1.0097e-04 
   528   1.0093e-04 
   529   1.0089e-04 
   530   1.0085e-04 
   531   1.0083e-04 
   532   1.0082e-04 
   533   1.0081e-04 
   534   1.0080e-04 
   535   1.0081e-04 
   536   1.0085e-04 
   537   1.0092e-04 
   538   1.0101e-04 
   539   1.0114e-04 
   540   1.0132e-04 
   541   1.0157e-04 
   542   1.0189e-04 
   543   1.0228e-04 
   544   1.0273e-04 
   545   1.0327e-04 
   546   1.0391e-04 
   547   1.0467e-04 
   548   1.0558e-04 
   549   1.0667e-04 
   550   1.0803e-04 
   551   1.0974e-04 
   552   1.1186e-04 
   553   1.1450e-04 
   554   1.1778e-04 
   555   1.2185e-04 
   556   1.2681e-04 
   557   1.3263e-04 
   558   1.3881e-04 
   559   1.4456e-04 
   560   1.4939e-04 
   561   1.5236e-04 
   562   1.5389e-04 
   563   1.5435e-04 
   564   1.5405e-04 
   565   1.5362e-04 
   566   1.5293e-04 
   567   1.5196e-04 
   568   1.5070e-04 
   569   1.4926e-04 
   570   1.4730e-04 
   571   1.4488e-04 
   572   1.4192e-04 
   573   1.3854e-04 
   574   1.3475e-04 
   575   1.3066e-04 
   576   1.2639e-04 
   577   1.2210e-04 
   578   1.1779e-04 
   579   1.1353e-04 
   580   1.0968e-04 
   581   1.0643e-04 
   582   1.0408e-04 
   583   1.0467e-04 
   584   1.1263e-04 
   585   1.2692e-04 
   586   1.4636e-04 
   587   1.7053e-04 
   588   1.9808e-04 
   589   2.2372e-04 
   590   2.4201e-04 
   591   2.5067e-04 
   592   2.5067e-04 
   593   2.4380e-04 
   594   2.3230e-04 
   595   2.1845e-04 
   596   2.0290e-04 
   597   1.8770e-04 
   598   1.7276e-04 
   599   1.5888e-04 
   600   1.4575e-04 
   601   1.3433e-04 
   602   1.2443e-04 
   603   1.1809e-04 
   604   1.1319e-04 
   605   1.0905e-04 
   606   1.0601e-04 
   607   1.0373e-04 
   608   1.0265e-04 
   609   1.0310e-04 
   610   1.0451e-04 
   611   1.0687e-04 
   612   1.0901e-04 
   613   1.1077e-04 
   614   1.1217e-04 
   615   1.1329e-04 
   616   1.1406e-04 
   617   1.1447e-04 
   618   1.1452e-04 
   619   1.1430e-04 
   620   1.1392e-04 
   621   1.1369e-04 
   622   1.1341e-04 
   623   1.1292e-04 
   624   1.1227e-04 
   625   1.1148e-04 
   626   1.1056e-04 
   627   1.0960e-04 
   628   1.0858e-04 
   629   1.0757e-04 
   630   1.0666e-04 
   631   1.0591e-04 
   632   1.0545e-04 
   633   1.0530e-04 
   634   1.0562e-04 
   635   1.0633e-04 
   636   1.0752e-04 
   637   1.0929e-04 
   638   1.1180e-04 
   639   1.1527e-04 
   640   1.1993e-04 
   641   1.2618e-04 
   642   1.3448e-04 
   643   1.4435e-04 
   644   1.5485e-04 
   645   1.6476e-04 
   646   1.7277e-04 
   647   1.7997e-04 
   648   1.8711e-04 
   649   1.9827e-04 
   650   2.1362e-04 
   651   2.2796e-04 
   652   2.4090e-04 
   653   2.5018e-04 
   654   2.5529e-04 
   655   2.5626e-04 
   656   2.5359e-04 
   657   2.4784e-04 
   658   2.3954e-04 
   659   2.2926e-04 
   660   2.1742e-04 
   661   2.0455e-04 
   662   1.9130e-04 
   663   1.7767e-04 
   664   1.6431e-04 
   665   1.5312e-04 
   666   1.4406e-04 
   667   1.3571e-04 
   668   1.2770e-04 
   669   1.2052e-04 
   670   1.1455e-04 
   671   1.0981e-04 
   672   1.0551e-04 
   673   1.0191e-04 
   674   9.9239e-05 
   675   9.7310e-05 
   676   9.6130e-05 
   677   9.5516e-05 
   678   9.5420e-05 
   679   9.6077e-05 
   680   9.7563e-05 
   681   9.9475e-05 
   682   1.0165e-04 
   683   1.0355e-04 
   684   1.0516e-04 
   685   1.0652e-04 
   686   1.0761e-04 
   687   1.0852e-04 
   688   1.0928e-04 
   689   1.0985e-04 
   690   1.1037e-04 
   691   1.1087e-04 
   692   1.1132e-04 
   693   1.1175e-04 
   694   1.1217e-04 
   695   1.1256e-04 
   696   1.1295e-04 
   697   1.1331e-04 
   698   1.1373e-04 
   699   1.1420e-04 
   700   1.1484e-04 
   701   1.1558e-04 
   702   1.1648e-04 
   703   1.1760e-04 
   704   1.1897e-04 
   705   1.2066e-04 
   706   1.2295e-04 
   707   1.2602e-04 
   708   1.2987e-04 
   709   1.3452e-04 
   710   1.4029e-04 
   711   1.4799e-04 
   712   1.5659e-04 
   713   1.6675e-04 
   714   1.7942e-04 
   715   1.9068e-04 
   716   1.9746e-04 
   717   1.9812e-04 
   718   1.9392e-04 
   719   1.8715e-04 
   720   1.7903e-04 
   721   1.7139e-04 
   722   1.6499e-04 
   723   1.6054e-04 
   724   1.5821e-04 
   725   1.5703e-04 
   726   1.5749e-04 
   727   1.6032e-04 
   728   1.6300e-04 
   729   1.6520e-04 
   730   1.6668e-04 
   731   1.6711e-04 
   732   1.6656e-04 
   733   1.6500e-04 
   734   1.6255e-04 
   735   1.5941e-04 
   736   1.5562e-04 
   737   1.5127e-04 
   738   1.4648e-04 
   739   1.4141e-04 
   740   1.3625e-04 
   741   1.3149e-04 
   742   1.2718e-04 
   743   1.2318e-04 
   744   1.1948e-04 
   745   1.1639e-04 
   746   1.1400e-04 
   747   1.1273e-04 
   748   1.1184e-04 
   749   1.1119e-04 
   750   1.1071e-04 
   751   1.1033e-04 
   752   1.1005e-04 
   753   1.0993e-04 
   754   1.0992e-04 
   755   1.0999e-04 
   756   1.1025e-04 
   757   1.1061e-04 
   758   1.1121e-04 
   759   1.1195e-04 
   760   1.1304e-04 
   761   1.1429e-04 
   762   1.1578e-04 
   763   1.1763e-04 
   764   1.1972e-04 
   765   1.2182e-04 
   766   1.2379e-04 
   767   1.2567e-04 
   768   1.2750e-04 
   769   1.2926e-04 
   770   1.3099e-04 
   771   1.3271e-04 
   772   1.3443e-04 
   773   1.3617e-04 
   774   1.3793e-04 
   775   1.3971e-04 
   776   1.4155e-04 
   777   1.4354e-04 
   778   1.4586e-04 
   779   1.4850e-04 
   780   1.5186e-04 
   781   1.5604e-04 
   782   1.6141e-04 
   783   1.6831e-04 
   784   1.7728e-04 
   785   1.8861e-04 
   786   2.0291e-04 
   787   2.1948e-04 
   788   2.3663e-04 
   789   2.5024e-04 
   790   2.5476e-04 
   791   2.4494e-04 
   792   2.2437e-04 
   793   2.0288e-04 
   794   1.9333e-04 
   795   1.9109e-04 
   796   1.8255e-04 
   797   1.6327e-04 
   798   1.4285e-04 
   799   1.2992e-04 
   800   1.2245e-04 
   801   1.1732e-04 
   802   1.1292e-04 
   803   1.1117e-04 
   804   1.1168e-04 
   805   1.1341e-04 
   806   1.1592e-04 
   807   1.1852e-04 
   808   1.2100e-04 
   809   1.2349e-04 
   810   1.2595e-04 
   811   1.2838e-04 
   812   1.3158e-04 
   813   1.3494e-04 
   814   1.3799e-04 
   815   1.4062e-04 
   816   1.4279e-04 
   817   1.4444e-04 
   818   1.4567e-04 
   819   1.4647e-04 
   820   1.4685e-04 
   821   1.4677e-04 
   822   1.4632e-04 
   823   1.4563e-04 
   824   1.4481e-04 
   825   1.4423e-04 
   826   1.4381e-04 
   827   1.4318e-04 
   828   1.4231e-04 
   829   1.4134e-04 
   830   1.4027e-04 
   831   1.3916e-04 
   832   1.3820e-04 
   833   1.3732e-04 
   834   1.3645e-04 
   835   1.3558e-04 
   836   1.3465e-04 
   837   1.3382e-04 
   838   1.3314e-04 
   839   1.3271e-04 
   840   1.3239e-04 
   841   1.3212e-04 
   842   1.3188e-04 
   843   1.3158e-04 
   844   1.3130e-04 
   845   1.3119e-04 
   846   1.3118e-04 
   847   1.3132e-04 
   848   1.3143e-04 
   849   1.3150e-04 
   850   1.3164e-04 
   851   1.3174e-04 
   852   1.3182e-04 
   853   1.3198e-04 
   854   1.3218e-04 
   855   1.3229e-04 
   856   1.3237e-04 
   857   1.3229e-04 
   858   1.3211e-04 
   859   1.3181e-04 
   860   1.3153e-04 
   861   1.3126e-04 
   862   1.3089e-04 
   863   1.3040e-04 
   864   1.2983e-04 
   865   1.2918e-04 
   866   1.2847e-04 
   867   1.2779e-04 
   868   1.2709e-04 
   869   1.2643e-04 
   870   1.2596e-04 
   871   1.2590e-04 
   872   1.2635e-04 
   873   1.2848e-04 
   874   1.3310e-04 
   875   1.3949e-04 
   876   1.4818e-04 
   877   1.6080e-04 
   878   1.8048e-04 
   879   2.1161e-04 
   880   2.5576e-04 
   881   3.0711e-04 
   882   3.4024e-04 
   883   3.4045e-04 
   884   3.1003e-04 
   885   2.6709e-04 
   886   2.2741e-04 
   887   1.9455e-04 
   888   1.7161e-04 
   889   1.5445e-04 
   890   1.4202e-04 
   891   1.3332e-04 
   892   1.2689e-04 
   893   1.2286e-04 
   894   1.2005e-04 
   895   1.1785e-04 
   896   1.1635e-04 
   897   1.1501e-04 
   898   1.1416e-04 
   899   1.1510e-04 
   900   1.1644e-04 
   901   1.1767e-04 
   902   1.1915e-04 
   903   1.2076e-04 
   904   1.2227e-04 
   905   1.2356e-04 
   906   1.2484e-04 
   907   1.2592e-04 
   908   1.2677e-04 
   909   1.2729e-04 
   910   1.2761e-04 
   911   1.2789e-04 
   912   1.2827e-04 
   913   1.2852e-04 
   914   1.2859e-04 
   915   1.2844e-04 
   916   1.2803e-04 
   917   1.2756e-04 
   918   1.2685e-04 
   919   1.2600e-04 
   920   1.2497e-04 
   921   1.2377e-04 
   922   1.2238e-04 
   923   1.2096e-04 
   924   1.1944e-04 
   925   1.1785e-04 
   926   1.1616e-04 
   927   1.1437e-04 
   928   1.1247e-04 
   929   1.1044e-04 
   930   1.0840e-04 
   931   1.0644e-04 
   932   1.0467e-04 
   933   1.0296e-04 
   934   1.0128e-04 
   935   9.9636e-05 
   936   9.8136e-05 
   937   9.6757e-05 
   938   9.5421e-05 
   939   9.4204e-05 
   940   9.3058e-05 
   941   9.1943e-05 
   942   9.0874e-05 
   943   8.9894e-05 
   944   8.9010e-05 
   945   8.8160e-05 
   946   8.7242e-05 
   947   8.6263e-05 
   948   8.5247e-05 
   949   8.4188e-05 
   950   8.3112e-05 
   951   8.2101e-05 
   952   8.1336e-05 
   953   8.0609e-05 
   954   7.9877e-05 
   955   7.9115e-05 
   956   7.8267e-05 
   957   7.7445e-05 
   958   7.6975e-05 
   959   7.6786e-05 
   960   7.6936e-05 
   961   7.7762e-05 
   962   7.9883e-05 
   963   8.4926e-05 
   964   9.2646e-05 
   965   1.0350e-04 
   966   1.1833e-04 
   967   1.3813e-04 
   968   1.6346e-04 
   969   1.9496e-04 
   970   2.3413e-04 
   971   2.8046e-04 
   972   3.2626e-04 
   973   3.6560e-04 
   974   3.9169e-04 
   975   4.0026e-04 
   976   3.9247e-04 
   977   3.7395e-04 
   978   3.4893e-04 
   979   3.2171e-04 
   980   2.9545e-04 
   981   2.7035e-04 
   982   2.4622e-04 
   983   2.2377e-04 
   984   2.0351e-04 
   985   1.8534e-04 
   986   1.6892e-04 
   987   1.5438e-04 
   988   1.4155e-04 
   989   1.3127e-04 
   990   1.2414e-04 
   991   1.1949e-04 
   992   1.1792e-04 
   993   1.1802e-04 
   994   1.1782e-04 
   995   1.1763e-04 
   996   1.1717e-04 
   997   1.1656e-04 
   998   1.1593e-04 
   999   1.1519e-04 
  1000   1.1431e-04 
  1001   1.1344e-04 
  1002   1.1325e-04 
  1003   1.1381e-04 
  1004   1.1430e-04 
  1005   1.1457e-04 
  1006   1.1482e-04 
  1007   1.1498e-04 
  1008   1.1496e-04 
  1009   1.1484e-04 
  1010   1.1478e-04 
  1011   1.1464e-04 
  1012   1.1429e-04 
  1013   1.1392e-04 
  1014   1.1369e-04 
  1015   1.1344e-04 
  1016   1.1327e-04 
  1017   1.1310e-04 
  1018   1.1287e-04 
  1019   1.1275e-04 
  1020   1.1261e-04 
  1021   1.1245e-04 
  1022   1.1227e-04 
  1023   1.1201e-04 
  1024   1.1169e-04 
  1025   1.1133e-04 
  1026   1.1100e-04 
  1027   1.1067e-04 
  1028   1.1031e-04 
  1029   1.0997e-04 
  1030   1.0969e-04 
  1031   1.0946e-04 
  1032   1.0928e-04 
  1033   1.0914e-04 
  1034   1.0907e-04 
  1035   1.0908e-04 
  1036   1.0919e-04 
  1037   1.0951e-04 
  1038   1.1020e-04 
  1039   1.1118e-04 
  1040   1.1252e-04 
  1041   1.1433e-04 
  1042   1.1668e-04 
  1043   1.1979e-04 
  1044   1.2352e-04 
  1045   1.2755e-04 
  1046   1.3150e-04 
  1047   1.3501e-04 
  1048   1.3777e-04 
  1049   1.3983e-04 
  1050   1.4123e-04 
  1051   1.4210e-04 
  1052   1.4233e-04 
  1053   1.4187e-04 
  1054   1.4075e-04 
  1055   1.3887e-04 
  1056   1.3628e-04 
  1057   1.3290e-04 
  1058   1.2871e-04 
  1059   1.2410e-04 
  1060   1.2056e-04 
  1061   1.1719e-04 
  1062   1.1493e-04 
  1063   1.1883e-04 
  1064   1.2841e-04 
  1065   1.4400e-04 
  1066   1.6350e-04 
  1067   1.8419e-04 
  1068   2.0355e-04 
  1069   2.1956e-04 
  1070   2.3020e-04 
  1071   2.3522e-04 
  1072   2.3557e-04 
  1073   2.3267e-04 
  1074   2.2737e-04 
  1075   2.2008e-04 
  1076   2.1159e-04 
  1077   2.0193e-04 
  1078   1.9153e-04 
  1079   1.8096e-04 
  1080   1.7035e-04 
  1081   1.5984e-04 
  1082   1.4997e-04 
  1083   1.4044e-04 
  1084   1.3180e-04 
  1085   1.2363e-04 
  1086   1.1596e-04 
  1087   1.0922e-04 
  1088   1.0286e-04 
  1089   9.7495e-05 
  1090   9.3869e-05 
  1091   9.1199e-05 
  1092   8.9123e-05 
  1093   8.7589e-05 
  1094   8.6629e-05 
  1095   8.5998e-05 
  1096   8.6117e-05 
  1097   8.7446e-05 
  1098   8.9326e-05 
  1099   9.1443e-05 
  1100   9.3615e-05 
  1101   9.5845e-05 
  1102   9.8215e-05 
  1103   1.0103e-04 
  1104   1.0417e-04 
  1105   1.0775e-04 
  1106   1.1188e-04 
  1107   1.1672e-04 
  1108   1.2236e-04 
  1109   1.2882e-04 
  1110   1.3643e-04 
  1111   1.4527e-04 
  1112   1.5501e-04 
  1113   1.6524e-04 
  1114   1.7541e-04 
  1115   1.8486e-04 
  1116   1.9268e-04 
  1117   1.9850e-04 
  1118   2.0222e-04 
  1119   2.0357e-04 
  1120   2.0314e-04 
  1121   2.0104e-04 
  1122   1.9765e-04 
  1123   1.9325e-04 
  1124   1.8838e-04 
  1125   1.8332e-04 
  1126   1.7815e-04 
  1127   1.7306e-04 
  1128   1.6815e-04 
  1129   1.6343e-04 
  1130   1.5892e-04 
  1131   1.5458e-04 
  1132   1.5043e-04 
  1133   1.4651e-04 
  1134   1.4286e-04 
  1135   1.3951e-04 
  1136   1.3645e-04 
  1137   1.3363e-04 
  1138   1.3101e-04 
  1139   1.2861e-04 
  1140   1.2641e-04 
  1141   1.2446e-04 
  1142   1.2279e-04 
  1143   1.2129e-04 
  1144   1.1997e-04 
  1145   1.1893e-04 
  1146   1.1807e-04 
  1147   1.1749e-04 
  1148   1.1710e-04 
  1149   1.1696e-04 
  1150   1.1701e-04 
  1151   1.1722e-04 
  1152   1.1753e-04 
  1153   1.1799e-04 
  1154   1.1852e-04 
  1155   1.1913e-04 
  1156   1.1979e-04 
  1157   1.2070e-04 
  1158   1.2264e-04 
  1159   1.2584e-04 
  1160   1.3228e-04 
  1161   1.4233e-04 
  1162   1.6081e-04 
  1163   1.8406e-04 
  1164   2.0948e-04 
  1165   2.3518e-04 
  1166   2.6067e-04 
  1167   2.8565e-04 
  1168   3.0819e-04 
  1169   3.2636e-04 
  1170   3.3821e-04 
  1171   3.4123e-04 
  1172   3.3550e-04 
  1173   3.2288e-04 
  1174   3.0666e-04 
  1175   2.8932e-04 
  1176   2.7236e-04 
  1177   2.5690e-04 
  1178   2.4272e-04 
  1179   2.2983e-04 
  1180   2.1799e-04 
  1181   2.0753e-04 
  1182   1.9799e-04 
  1183   1.9031e-04 
  1184   1.8465e-04 
  1185   1.8040e-04 
  1186   1.7674e-04 
  1187   1.7370e-04 
  1188   1.7145e-04 
  1189   1.7048e-04 
  1190   1.7007e-04 
  1191   1.7075e-04 
  1192   1.7236e-04 
  1193   1.7478e-04 
  1194   1.7788e-04 
  1195   1.8206e-04 
  1196   1.8751e-04 
  1197   1.9435e-04 
  1198   2.0319e-04 
  1199   2.1388e-04 
  1200   2.2707e-04 
  1201   2.4340e-04 
  1202   2.6376e-04 
  1203   2.8917e-04 
  1204   3.2040e-04 
  1205   3.5806e-04 
  1206   4.0243e-04 
  1207   4.4742e-04 
  1208   4.8079e-04 
  1209   4.9739e-04 
  1210   4.9476e-04 
  1211   4.8667e-04 
  1212   4.8060e-04 
  1213   4.7960e-04 
  1214   4.8598e-04 
  1215   5.0760e-04 
  1216   5.4117e-04 
  1217   5.9089e-04 
  1218   6.5630e-04 
  1219   7.3337e-04 
  1220   8.1217e-04 
  1221   8.7257e-04 
  1222   8.9319e-04 
  1223   8.5046e-04 
  1224   7.5760e-04 
  1225   6.3420e-04 
  1226   5.3787e-04 
  1227   4.9409e-04 
  1228   4.4708e-04 
  1229   4.0064e-04 
  1230   3.5865e-04 
  1231   3.2167e-04 
  1232   2.9064e-04 
  1233   2.6470e-04 
  1234   2.4324e-04 
  1235   2.2534e-04 
  1236   2.1020e-04 
  1237   1.9743e-04 
  1238   1.8638e-04 
  1239   1.7676e-04 
  1240   1.6833e-04 
  1241   1.6117e-04 
  1242   1.5495e-04 
  1243   1.4986e-04 
  1244   1.4609e-04 
  1245   1.4249e-04 
  1246   1.3922e-04 
  1247   1.3617e-04 
  1248   1.3336e-04 
  1249   1.3081e-04 
  1250   1.2832e-04 
  1251   1.2581e-04 
  1252   1.2331e-04 
  1253   1.2070e-04 
  1254   1.1844e-04 
  1255   1.1607e-04 
  1256   1.1383e-04 
  1257   1.1188e-04 
  1258   1.1118e-04 
  1259   1.1150e-04 
  1260   1.1206e-04 
  1261   1.1359e-04 
  1262   1.1618e-04 
  1263   1.2044e-04 
  1264   1.2619e-04 
  1265   1.3180e-04 
  1266   1.3711e-04 
  1267   1.4191e-04 
  1268   1.4616e-04 
  1269   1.4966e-04 
  1270   1.5239e-04 
  1271   1.5422e-04 
  1272   1.5531e-04 
  1273   1.5601e-04 
  1274   1.5607e-04 
  1275   1.5553e-04 
  1276   1.5444e-04 
  1277   1.5282e-04 
  1278   1.5080e-04 
  1279   1.4858e-04 
  1280   1.4614e-04 
  1281   1.4344e-04 
  1282   1.4055e-04 
  1283   1.3788e-04 
  1284   1.3574e-04 
  1285   1.3392e-04 
  1286   1.3223e-04 
  1287   1.3062e-04 
  1288   1.2927e-04 
  1289   1.2853e-04 
  1290   1.2818e-04 
  1291   1.2781e-04 
  1292   1.2756e-04 
  1293   1.2734e-04 
  1294   1.2719e-04 
  1295   1.2699e-04 
  1296   1.2673e-04 
  1297   1.2659e-04 
  1298   1.2647e-04 
  1299   1.2636e-04 
  1300   1.2633e-04 
  1301   1.2643e-04 
  1302   1.2657e-04 
  1303   1.2679e-04 
  1304   1.2706e-04 
  1305   1.2739e-04 
  1306   1.2788e-04 
  1307   1.2842e-04 
  1308   1.2898e-04 
  1309   1.2962e-04 
  1310   1.3040e-04 
  1311   1.3112e-04 
  1312   1.3173e-04 
  1313   1.3226e-04 
  1314   1.3267e-04 
  1315   1.3298e-04 
  1316   1.3318e-04 
  1317   1.3328e-04 
  1318   1.3330e-04 
  1319   1.3324e-04 
  1320   1.3310e-04 
  1321   1.3292e-04 
  1322   1.3267e-04 
  1323   1.3238e-04 
  1324   1.3204e-04 
  1325   1.3168e-04 
  1326   1.3129e-04 
  1327   1.3085e-04 
  1328   1.3041e-04 
  1329   1.2994e-04 
  1330   1.2942e-04 
  1331   1.2885e-04 
  1332   1.2826e-04 
  1333   1.2763e-04 
  1334   1.2696e-04 
  1335   1.2634e-04 
  1336   1.2576e-04 
  1337   1.2520e-04 
  1338   1.2480e-04 
  1339   1.2457e-04 
  1340   1.2484e-04 
  1341   1.2610e-04 
  1342   1.2988e-04 
  1343   1.3609e-04 
  1344   1.4495e-04 
  1345   1.5698e-04 
  1346   1.7266e-04 
  1347   1.9294e-04 
  1348   2.2381e-04 
  1349   2.6965e-04 
  1350   3.1941e-04 
  1351   3.6121e-04 
  1352   3.9027e-04 
  1353   4.0036e-04 
  1354   3.9321e-04 
  1355   3.7333e-04 
  1356   3.4817e-04 
  1357   3.2205e-04 
  1358   2.9556e-04 
  1359   2.7014e-04 
  1360   2.4728e-04 
  1361   2.2737e-04 
  1362   2.0940e-04 
  1363   1.9395e-04 
  1364   1.8073e-04 
  1365   1.6951e-04 
  1366   1.6038e-04 
  1367   1.5287e-04 
  1368   1.4620e-04 
  1369   1.4084e-04 
  1370   1.3612e-04 
  1371   1.3200e-04 
  1372   1.2849e-04 
  1373   1.2541e-04 
  1374   1.2287e-04 
  1375   1.2141e-04 
  1376   1.2049e-04 
  1377   1.1969e-04 
  1378   1.1937e-04 
  1379   1.1966e-04 
  1380   1.2015e-04 
  1381   1.2053e-04 
  1382   1.2082e-04 
  1383   1.2117e-04 
  1384   1.2146e-04 
  1385   1.2178e-04 
  1386   1.2214e-04 
  1387   1.2269e-04 
  1388   1.2327e-04 
  1389   1.2385e-04 
  1390   1.2453e-04 
  1391   1.2533e-04 
  1392   1.2605e-04 
  1393   1.2666e-04 
  1394   1.2714e-04 
  1395   1.2744e-04 
  1396   1.2763e-04 
  1397   1.2769e-04 
  1398   1.2761e-04 
  1399   1.2745e-04 
  1400   1.2715e-04 
  1401   1.2689e-04 
  1402   1.2658e-04 
  1403   1.2620e-04 
  1404   1.2584e-04 
  1405   1.2554e-04 
  1406   1.2521e-04 
  1407   1.2482e-04 
  1408   1.2440e-04 
  1409   1.2394e-04 
  1410   1.2347e-04 
  1411   1.2307e-04 
  1412   1.2259e-04 
  1413   1.2203e-04 
  1414   1.2141e-04 
  1415   1.2071e-04 
  1416   1.1994e-04 
  1417   1.1912e-04 
  1418   1.1828e-04 
  1419   1.1742e-04 
  1420   1.1651e-04 
  1421   1.1555e-04 
  1422   1.1461e-04 
  1423   1.1374e-04 
  1424   1.1294e-04 
  1425   1.1253e-04 
  1426   1.1214e-04 
  1427   1.1114e-04 
  1428   1.1298e-04 
  1429   1.1788e-04 
  1430   1.2590e-04 
  1431   1.3668e-04 
  1432   1.5021e-04 
  1433   1.6519e-04 
  1434   1.8146e-04 
  1435   1.9770e-04 
  1436   2.0912e-04 
  1437   2.1396e-04 
  1438   2.1252e-04 
  1439   2.0608e-04 
  1440   1.9629e-04 
  1441   1.8435e-04 
  1442   1.7200e-04 
  1443   1.6128e-04 
  1444   1.5514e-04 
  1445   1.5016e-04 
  1446   1.4542e-04 
  1447   1.4112e-04 
  1448   1.3681e-04 
  1449   1.3305e-04 
  1450   1.2966e-04 
  1451   1.2703e-04 
  1452   1.2531e-04 
  1453   1.2396e-04 
  1454   1.2312e-04 
  1455   1.2264e-04 
  1456   1.2290e-04 
  1457   1.2394e-04 
  1458   1.2563e-04 
  1459   1.2725e-04 
  1460   1.2884e-04 
  1461   1.3025e-04 
  1462   1.3157e-04 
  1463   1.3288e-04 
  1464   1.3401e-04 
  1465   1.3510e-04 
  1466   1.3613e-04 
  1467   1.3723e-04 
  1468   1.3774e-04 
  1469   1.3752e-04 
  1470   1.3665e-04 
  1471   1.3470e-04 
  1472   1.3271e-04 
  1473   1.3522e-04 
  1474   1.3799e-04 
  1475   1.4059e-04 
  1476   1.4345e-04 
  1477   1.4669e-04 
  1478   1.4984e-04 
  1479   1.5289e-04 
  1480   1.5620e-04 
  1481   1.5956e-04 
  1482   1.6241e-04 
  1483   1.6458e-04 
  1484   1.6600e-04 
  1485   1.6670e-04 
  1486   1.6679e-04 
  1487   1.6648e-04 
  1488   1.6592e-04 
  1489   1.6503e-04 
  1490   1.6381e-04 
  1491   1.6230e-04 
  1492   1.6055e-04 
  1493   1.5858e-04 
  1494   1.5646e-04 
  1495   1.5432e-04 
  1496   1.5213e-04 
  1497   1.4986e-04 
  1498   1.4754e-04 
  1499   1.4516e-04 
  1500   1.4276e-04 
  1501   1.4035e-04 
  1502   1.3793e-04 
  1503   1.3550e-04 
  1504   1.3308e-04 
  1505   1.3067e-04 
  1506   1.2828e-04 
  1507   1.2591e-04 
  1508   1.2359e-04 
  1509   1.2127e-04 
  1510   1.1896e-04 
  1511   1.1667e-04 
  1512   1.1439e-04 
  1513   1.1213e-04 
  1514   1.0990e-04 
  1515   1.0769e-04 
  1516   1.0553e-04 
  1517   1.0343e-04 
  1518   1.0137e-04 
  1519   9.9402e-05 
  1520   9.7485e-05 
  1521   9.5624e-05 
  1522   9.3800e-05 
  1523   9.2024e-05 
  1524   9.0284e-05 
  1525   8.8574e-05 
  1526   8.6891e-05 
  1527   8.5248e-05 
  1528   8.3647e-05 
  1529   8.2084e-05 
  1530   8.0566e-05 
  1531   7.9073e-05 
  1532   7.7614e-05 
  1533   7.6192e-05 
  1534   7.4796e-05 
  1535   7.3428e-05 
  1536   7.2091e-05 
  1537   7.0787e-05 
  1538   6.9516e-05 
  1539   6.8293e-05 
  1540   6.7099e-05 
  1541   6.5938e-05 
  1542   6.4814e-05 
  1543   6.3727e-05 
  1544   6.2671e-05 
  1545   6.1650e-05 
  1546   6.0663e-05 
  1547   5.9705e-05 
  1548   5.8799e-05 
  1549   5.7935e-05 
  1550   5.7115e-05 
  1551   5.6345e-05 
  1552   5.5599e-05 
  1553   5.4876e-05 
  1554   5.4182e-05 
  1555   5.3512e-05 
  1556   5.2871e-05 
  1557   5.2253e-05 
  1558   5.1657e-05 
  1559   5.1087e-05 
  1560   5.0534e-05 
  1561   5.0002e-05 
  1562   4.9492e-05 
  1563   4.9007e-05 
  1564   4.8539e-05 
  1565   4.8085e-05 
  1566   4.7646e-05 
  1567   4.7224e-05 
  1568   4.6821e-05 
  1569   4.6442e-05 
  1570   4.6077e-05 
  1571   4.5727e-05 
  1572   4.5389e-05 
  1573   4.5064e-05 
  1574   4.4754e-05 
  1575   4.4460e-05 
  1576   4.4183e-05 
  1577   4.3916e-05 
  1578   4.3661e-05 
  1579   4.3419e-05 
  1580   4.3188e-05 
  1581   4.2964e-05 
  1582   4.2753e-05 
  1583   4.2552e-05 
  1584   4.2359e-05 
  1585   4.2175e-05 
  1586   4.1998e-05 
  1587   4.1826e-05 
  1588   4.1658e-05 
  1589   4.1495e-05 
  1590   4.1335e-05 
  1591   4.1180e-05 
  1592   4.1029e-05 
  1593   4.0883e-05 
  1594   4.0741e-05 
  1595   4.0605e-05 
  1596   4.0471e-05 
  1597   4.0340e-05 
  1598   4.0212e-05 
  1599   4.0088e-05 
  1600   3.9966e-05 
  1601   3.9846e-05 
  1602   3.9730e-05 
  1603   3.9615e-05 
  1604   3.9502e-05 
  1605   3.9389e-05 
  1606   3.9279e-05 
  1607   3.9169e-05 
  1608   3.9059e-05 
  1609   3.8950e-05 
  1610   3.8842e-05 
  1611   3.8734e-05 
  1612   3.8626e-05 
  1613   3.8519e-05 
  1614   3.8413e-05 
  1615   3.8307e-05 
  1616   3.8201e-05 
  1617   3.8095e-05 
  1618   3.7989e-05 
  1619   3.7884e-05 
  1620   3.7778e-05 
  1621   3.7672e-05 
  1622   3.7566e-05 
  1623   3.7460e-05 
  1624   3.7354e-05 
  1625   3.7249e-05 
  1626   3.7143e-05 
  1627   3.7039e-05 
  1628   3.6934e-05 
  1629   3.6830e-05 
  1630   3.6725e-05 
  1631   3.6620e-05 
  1632   3.6515e-05 
  1633   3.6411e-05 
  1634   3.6306e-05 
  1635   3.6202e-05 
  1636   3.6098e-05 
  1637   3.5993e-05 
  1638   3.5889e-05 
  1639   3.5785e-05 
  1640   3.5682e-05 
  1641   3.5578e-05 
  1642   3.5474e-05 
  1643   3.5371e-05 
  1644   3.5266e-05 
  1645   3.5162e-05 
  1646   3.5057e-05 
  1647   3.4952e-05 
  1648   3.4847e-05 
  1649   3.4742e-05 
  1650   3.4637e-05 
  1651   3.4531e-05 
  1652   3.4426e-05 
  1653   3.4320e-05 
  1654   3.4214e-05 
  1655   3.4108e-05 
  1656   3.4003e-05 
  1657   3.3897e-05 
  1658   3.3791e-05 
  1659   3.3685e-05 
  1660   3.3580e-05 
  1661   3.3474e-05 
  1662   3.3368e-05 
  1663   3.3262e-05 
  1664   3.3157e-05 
  1665   3.3051e-05 
  1666   3.2945e-05 
  1667   3.2840e-05 
  1668   3.2735e-05 
  1669   3.2630e-05 
  1670   3.2525e-05 
  1671   3.2420e-05 
  1672   3.2315e-05 
  1673   3.2211e-05 
  1674   3.2107e-05 
  1675   3.2002e-05 
  1676   3.1898e-05 
  1677   3.1795e-05 
  1678   3.1691e-05 
  1679   3.1588e-05 
  1680   3.1485e-05 
  1681   3.1382e-05 
  1682   3.1279e-05 
  1683   3.1177e-05 
  1684   3.1075e-05 
  1685   3.0974e-05 
  1686   3.0873e-05 
  1687   3.0772e-05 
  1688   3.0671e-05 
  1689   3.0570e-05 
  1690   3.0470e-05 
  1691   3.0370e-05 
  1692   3.0271e-05 
  1693   3.0172e-05 
  1694   3.0073e-05 
  1695   2.9975e-05 
  1696   2.9877e-05 
  1697   2.9779e-05 
  1698   2.9682e-05 
  1699   2.9585e-05 
  1700   2.9488e-05 
  1701   2.9392e-05 
  1702   2.9297e-05 
  1703   2.9201e-05 
  1704   2.9107e-05 
  1705   2.9012e-05 
  1706   2.8919e-05 
  1707   2.8825e-05 
  1708   2.8732e-05 
  1709   2.8639e-05 
  1710   2.8547e-05 
  1711   2.8455e-05 
  1712   2.8363e-05 
  1713   2.8271e-05 
  1714   2.8180e-05 
  1715   2.8090e-05 
  1716   2.7999e-05 
  1717   2.7910e-05 
  1718   2.7820e-05 
  1719   2.7731e-05 
  1720   2.7642e-05 
  1721   2.7553e-05 
  1722   2.7465e-05 
  1723   2.7378e-05 
  1724   2.7290e-05 
  1725   2.7203e-05 
  1726   2.7117e-05 
  1727   2.7030e-05 
  1728   2.6944e-05 
  1729   2.6859e-05 
  1730   2.6774e-05 
  1731   2.6689e-05 
  1732   2.6605e-05 
  1733   2.6521e-05 
  1734   2.6437e-05 
  1735   2.6354e-05 
  1736   2.6271e-05 
  1737   2.6188e-05 
  1738   2.6106e-05 
  1739   2.6024e-05 
  1740   2.5943e-05 
  1741   2.5862e-05 
  1742   2.5781e-05 
  1743   2.5701e-05 
  1744   2.5620e-05 
  1745   2.5541e-05 
  1746   2.5461e-05 
  1747   2.5382e-05 
  1748   2.5303e-05 
  1749   2.5225e-05 
  1750   2.5147e-05 
  1751   2.5069e-05 
  1752   2.4991e-05 
  1753   2.4914e-05 
  1754   2.4837e-05 
  1755   2.4761e-05 
  1756   2.4685e-05 
  1757   2.4609e-05 
  1758   2.4533e-05 
  1759   2.4458e-05 
  1760   2.4383e-05 
  1761   2.4308e-05 
  1762   2.4233e-05 
  1763   2.4159e-05 
  1764   2.4085e-05 
  1765   2.4012e-05 
  1766   2.3938e-05 
  1767   2.3866e-05 
  1768   2.3793e-05 
  1769   2.3720e-05 
  1770   2.3648e-05 
  1771   2.3576e-05 
  1772   2.3505e-05 
  1773   2.3433e-05 
  1774   2.3362e-05 
  1775   2.3292e-05 
  1776   2.3221e-05 
  1777   2.3151e-05 
  1778   2.3081e-05 
  1779   2.3011e-05 
  1780   2.2941e-05 
  1781   2.2872e-05 
  1782   2.2803e-05 
  1783   2.2734e-05 
  1784   2.2666e-05 
  1785   2.2597e-05 
  1786   2.2529e-05 
  1787   2.2461e-05 
  1788   2.2394e-05 
  1789   2.2327e-05 
  1790   2.2259e-05 
  1791   2.2193e-05 
  1792   2.2126e-05 
  1793   2.2060e-05 
  1794   2.1994e-05 
  1795   2.1928e-05 
  1796   2.1862e-05 
  1797   2.1796e-05 
  1798   2.1731e-05 
  1799   2.1666e-05 
  1800   2.1602e-05 
  1801   2.1537e-05 
  1802   2.1473e-05 
  1803   2.1409e-05 
  1804   2.1345e-05 
  1805   2.1281e-05 
  1806   2.1218e-05 
  1807   2.1155e-05 
  1808   2.1092e-05 
  1809   2.1029e-05 
  1810   2.0966e-05 
  1811   2.0904e-05 
  1812   2.0842e-05 
  1813   2.0780e-05 
  1814   2.0718e-05 
  1815   2.0657e-05 
  1816   2.0595e-05 
  1817   2.0534e-05 
  1818   2.0474e-05 
  1819   2.0413e-05 
  1820   2.0353e-05 
  1821   2.0293e-05 
  1822   2.0233e-05 
  1823   2.0173e-05 
  1824   2.0114e-05 
  1825   2.0055e-05 
  1826   1.9996e-05 
  1827   1.9937e-05 
  1828   1.9879e-05 
  1829   1.9821e-05 
  1830   1.9763e-05 
  1831   1.9705e-05 
  1832   1.9647e-05 
  1833   1.9589e-05 
  1834   1.9532e-05 
  1835   1.9475e-05 
  1836   1.9418e-05 
  1837   1.9361e-05 
  1838   1.9305e-05 
  1839   1.9248e-05 
  1840   1.9192e-05 
  1841   1.9137e-05 
  1842   1.9081e-05 
  1843   1.9026e-05 
  1844   1.8971e-05 
  1845   1.8916e-05 
  1846   1.8861e-05 
  1847   1.8807e-05 
  1848   1.8752e-05 
  1849   1.8698e-05 
  1850   1.8644e-05 
  1851   1.8590e-05 
  1852   1.8536e-05 
  1853   1.8483e-05 
  1854   1.8430e-05 
  1855   1.8376e-05 
  1856   1.8323e-05 
  1857   1.8271e-05 
  1858   1.8218e-05 
  1859   1.8165e-05 
  1860   1.8113e-05 
  1861   1.8061e-05 
  1862   1.8009e-05 
  1863   1.7957e-05 
  1864   1.7906e-05 
  1865   1.7854e-05 
  1866   1.7803e-05 
  1867   1.7752e-05 
  1868   1.7701e-05 
  1869   1.7650e-05 
  1870   1.7599e-05 
  1871   1.7549e-05 
  1872   1.7499e-05 
  1873   1.7449e-05 
  1874   1.7399e-05 
  1875   1.7349e-05 
  1876   1.7300e-05 
  1877   1.7250e-05 
  1878   1.7201e-05 
  1879   1.7152e-05 
  1880   1.7104e-05 
  1881   1.7055e-05 
  1882   1.7007e-05 
  1883   1.6959e-05 
  1884   1.6911e-05 
  1885   1.6863e-05 
  1886   1.6815e-05 
  1887   1.6767e-05 
  1888   1.6720e-05 
  1889   1.6673e-05 
  1890   1.6626e-05 
  1891   1.6579e-05 
  1892   1.6532e-05 
  1893   1.6485e-05 
  1894   1.6439e-05 
  1895   1.6392e-05 
  1896   1.6346e-05 
  1897   1.6300e-05 
  1898   1.6254e-05 
  1899   1.6208e-05 
  1900   1.6162e-05 
  1901   1.6117e-05 
  1902   1.6072e-05 
  1903   1.6026e-05 
  1904   1.5981e-05 
  1905   1.5936e-05 
  1906   1.5892e-05 
  1907   1.5847e-05 
  1908   1.5803e-05 
  1909   1.5758e-05 
  1910   1.5714e-05 
  1911   1.5670e-05 
  1912   1.5627e-05 
  1913   1.5583e-05 
  1914   1.5539e-05 
  1915   1.5496e-05 
  1916   1.5453e-05 
  1917   1.5410e-05 
  1918   1.5367e-05 
  1919   1.5324e-05 
  1920   1.5281e-05 
  1921   1.5239e-05 
  1922   1.5196e-05 
  1923   1.5154e-05 
  1924   1.5112e-05 
  1925   1.5070e-05 
  1926   1.5028e-05 
  1927   1.4986e-05 
  1928   1.4945e-05 
  1929   1.4903e-05 
  1930   1.4862e-05 
  1931   1.4821e-05 
  1932   1.4780e-05 
  1933   1.4739e-05 
  1934   1.4698e-05 
  1935   1.4657e-05 
  1936   1.4617e-05 
  1937   1.4577e-05 
  1938   1.4536e-05 
  1939   1.4496e-05 
  1940   1.4456e-05 
  1941   1.4417e-05 
  1942   1.4377e-05 
  1943   1.4337e-05 
  1944   1.4298e-05 
  1945   1.4258e-05 
  1946   1.4219e-05 
  1947   1.4180e-05 
  1948   1.4141e-05 
  1949   1.4103e-05 
  1950   1.4064e-05 
  1951   1.4025e-05 
  1952   1.3987e-05 
  1953   1.3949e-05 
  1954   1.3910e-05 
  1955   1.3872e-05 
  1956   1.3834e-05 
  1957   1.3796e-05 
  1958   1.3759e-05 
  1959   1.3721e-05 
  1960   1.3684e-05 
  1961   1.3646e-05 
  1962   1.3609e-05 
  1963   1.3572e-05 
  1964   1.3535e-05 
  1965   1.3498e-05 
  1966   1.3461e-05 
  1967   1.3424e-05 
  1968   1.3388e-05 
  1969   1.3351e-05 
  1970   1.3315e-05 
  1971   1.3279e-05 
  1972   1.3242e-05 
  1973   1.3206e-05 
  1974   1.3171e-05 
  1975   1.3135e-05 
  1976   1.3099e-05 
  1977   1.3064e-05 
  1978   1.3028e-05 
  1979   1.2993e-05 
  1980   1.2958e-05 
  1981   1.2923e-05 
  1982   1.2888e-05 
  1983   1.2853e-05 
  1984   1.2818e-05 
  1985   1.2783e-05 
  1986   1.2749e-05 
  1987   1.2714e-05 
  1988   1.2680e-05 
  1989   1.2646e-05 
  1990   1.2612e-05 
  1991   1.2578e-05 
  1992   1.2544e-05 
  1993   1.2510e-05 
  1994   1.2477e-05 
  1995   1.2443e-05 
  1996   1.2410e-05 
  1997   1.2376e-05 
  1998   1.2343e-05 
  1999   1.2310e-05 
  2000   1.2277e-05 
  2001   1.2244e-05 
  2002   1.2211e-05 
  2003   1.2178e-05 
  2004   1.2146e-05 
  2005   1.2113e-05 
  2006   1.2081e-05 
  2007   1.2049e-05 
  2008   1.2016e-05 
  2009   1.1984e-05 
  2010   1.1952e-05 
  2011   1.1920e-05 
  2012   1.1889e-05 
  2013   1.1857e-05 
  2014   1.1825e-05 
  2015   1.1794e-05 
  2016   1.1762e-05 
  2017   1.1731e-05 
  2018   1.1700e-05 
  2019   1.1669e-05 
  2020   1.1637e-05 
  2021   1.1606e-05 
  2022   1.1576e-05 
  2023   1.1545e-05 
  2024   1.1514e-05 
  2025   1.1483e-05 
  2026   1.1453e-05 
  2027   1.1423e-05 
  2028   1.1392e-05 
  2029   1.1362e-05 
  2030   1.1332e-05 
  2031   1.1302e-05 
  2032   1.1272e-05 
  2033   1.1242e-05 
  2034   1.1212e-05 
  2035   1.1182e-05 
  2036   1.1153e-05 
  2037   1.1123e-05 
  2038   1.1094e-05 
  2039   1.1065e-05 
  2040   1.1035e-05 
  2041   1.1006e-05 
  2042   1.0977e-05 
  2043   1.0948e-05 
  2044   1.0919e-05 
  2045   1.0891e-05 
  2046   1.0862e-05 
  2047   1.0833e-05 
  2048   1.0805e-05 
  2049   1.0777e-05 
  2050   1.0748e-05 
  2051   1.0720e-05 
  2052   1.0692e-05 
  2053   1.0664e-05 
  2054   1.0636e-05 
  2055   1.0608e-05 
  2056   1.0580e-05 
  2057   1.0553e-05 
  2058   1.0525e-05 
  2059   1.0497e-05 
  2060   1.0470e-05 
  2061   1.0443e-05 
  2062   1.0415e-05 
  2063   1.0388e-05 
  2064   1.0361e-05 
  2065   1.0334e-05 
  2066   1.0307e-05 
  2067   1.0280e-05 
  2068   1.0253e-05 
  2069   1.0227e-05 
  2070   1.0200e-05 
  2071   1.0173e-05 
  2072   1.0147e-05 
  2073   1.0121e-05 
  2074   1.0094e-05 
  2075   1.0068e-05 
  2076   1.0042e-05 
  2077   1.0016e-05 
  2078   9.9897e-06 
  2079   9.9637e-06 
  2080   9.9379e-06 
  2081   9.9121e-06 
  2082   9.8863e-06 
  2083   9.8607e-06 
  2084   9.8351e-06 
  2085   9.8096e-06 
  2086   9.7842e-06 
  2087   9.7588e-06 
  2088   9.7335e-06 
  2089   9.7083e-06 
  2090   9.6832e-06 
  2091   9.6581e-06 
  2092   9.6331e-06 
  2093   9.6082e-06 
  2094   9.5834e-06 
  2095   9.5586e-06 
  2096   9.5339e-06 
  2097   9.5093e-06 
  2098   9.4847e-06 
  2099   9.4602e-06 
  2100   9.4358e-06 
  2101   9.4115e-06 
  2102   9.3872e-06 
  2103   9.3630e-06 
  2104   9.3389e-06 
  2105   9.3149e-06 
  2106   9.2910e-06 
  2107   9.2671e-06 
  2108   9.2433e-06 
  2109   9.2196e-06 
  2110   9.1960e-06 
  2111   9.1724e-06 
  2112   9.1489e-06 
  2113   9.1255e-06 
  2114   9.1021e-06 
  2115   9.0788e-06 
  2116   9.0556e-06 
  2117   9.0324e-06 
  2118   9.0093e-06 
  2119   8.9862e-06 
  2120   8.9633e-06 
  2121   8.9404e-06 
  2122   8.9175e-06 
  2123   8.8947e-06 
  2124   8.8720e-06 
  2125   8.8494e-06 
  2126   8.8268e-06 
  2127   8.8043e-06 
  2128   8.7818e-06 
  2129   8.7594e-06 
  2130   8.7371e-06 
  2131   8.7148e-06 
  2132   8.6926e-06 
  2133   8.6705e-06 
  2134   8.6484e-06 
  2135   8.6264e-06 
  2136   8.6044e-06 
  2137   8.5825e-06 
  2138   8.5607e-06 
  2139   8.5389e-06 
  2140   8.5172e-06 
  2141   8.4956e-06 
  2142   8.4740e-06 
  2143   8.4524e-06 
  2144   8.4310e-06 
  2145   8.4096e-06 
  2146   8.3882e-06 
  2147   8.3669e-06 
  2148   8.3457e-06 
  2149   8.3245e-06 
  2150   8.3034e-06 
  2151   8.2824e-06 
  2152   8.2614e-06 
  2153   8.2405e-06 
  2154   8.2196e-06 
  2155   8.1988e-06 
  2156   8.1780e-06 
  2157   8.1573e-06 
  2158   8.1367e-06 
  2159   8.1161e-06 
  2160   8.0956e-06 
  2161   8.0752e-06 
  2162   8.0548e-06 
  2163   8.0344e-06 
  2164   8.0142e-06 
  2165   7.9939e-06 
  2166   7.9738e-06 
  2167   7.9536e-06 
  2168   7.9336e-06 
  2169   7.9136e-06 
  2170   7.8936e-06 
  2171   7.8737e-06 
  2172   7.8539e-06 
  2173   7.8341e-06 
  2174   7.8144e-06 
  2175   7.7948e-06 
  2176   7.7752e-06 
  2177   7.7556e-06 
  2178   7.7361e-06 
  2179   7.7167e-06 
  2180   7.6973e-06 
  2181   7.6780e-06 
  2182   7.6588e-06 
  2183   7.6395e-06 
  2184   7.6204e-06 
  2185   7.6013e-06 
  2186   7.5823e-06 
  2187   7.5633e-06 
  2188   7.5444e-06 
  2189   7.5255e-06 
  2190   7.5067e-06 
  2191   7.4879e-06 
  2192   7.4692e-06 
  2193   7.4506e-06 
  2194   7.4319e-06 
  2195   7.4134e-06 
  2196   7.3949e-06 
  2197   7.3764e-06 
  2198   7.3580e-06 
  2199   7.3397e-06 
  2200   7.3213e-06 
  2201   7.3031e-06 
  2202   7.2849e-06 
  2203   7.2667e-06 
  2204   7.2486e-06 
  2205   7.2306e-06 
  2206   7.2126e-06 
  2207   7.1946e-06 
  2208   7.1767e-06 
  2209   7.1588e-06 
  2210   7.1410e-06 
  2211   7.1233e-06 
  2212   7.1056e-06 
  2213   7.0879e-06 
  2214   7.0703e-06 
  2215   7.0527e-06 
  2216   7.0352e-06 
  2217   7.0177e-06 
  2218   7.0003e-06 
  2219   6.9829e-06 
  2220   6.9656e-06 
  2221   6.9483e-06 
  2222   6.9311e-06 
  2223   6.9139e-06 
  2224   6.8968e-06 
  2225   6.8797e-06 
  2226   6.8626e-06 
  2227   6.8456e-06 
  2228   6.8287e-06 
  2229   6.8118e-06 
  2230   6.7949e-06 
  2231   6.7781e-06 
  2232   6.7613e-06 
  2233   6.7446e-06 
  2234   6.7279e-06 
  2235   6.7113e-06 
  2236   6.6947e-06 
  2237   6.6782e-06 
  2238   6.6617e-06 
  2239   6.6452e-06 
  2240   6.6288e-06 
  2241   6.6125e-06 
  2242   6.5961e-06 
  2243   6.5799e-06 
  2244   6.5636e-06 
  2245   6.5474e-06 
  2246   6.5313e-06 
  2247   6.5152e-06 
  2248   6.4991e-06 
  2249   6.4831e-06 
  2250   6.4672e-06 
  2251   6.4512e-06 
  2252   6.4354e-06 
  2253   6.4195e-06 
  2254   6.4038e-06 
  2255   6.3880e-06 
  2256   6.3724e-06 
  2257   6.3567e-06 
  2258   6.3411e-06 
  2259   6.3255e-06 
  2260   6.3100e-06 
  2261   6.2946e-06 
  2262   6.2791e-06 
  2263   6.2637e-06 
  2264   6.2484e-06 
  2265   6.2331e-06 
  2266   6.2178e-06 
  2267   6.2026e-06 
  2268   6.1874e-06 
  2269   6.1722e-06 
  2270   6.1572e-06 
  2271   6.1421e-06 
  2272   6.1271e-06 
  2273   6.1121e-06 
  2274   6.0972e-06 
  2275   6.0823e-06 
  2276   6.0674e-06 
  2277   6.0526e-06 
  2278   6.0379e-06 
  2279   6.0232e-06 
  2280   6.0085e-06 
  2281   5.9939e-06 
  2282   5.9793e-06 
  2283   5.9647e-06 
  2284   5.9502e-06 
  2285   5.9357e-06 
  2286   5.9213e-06 
  2287   5.9069e-06 
  2288   5.8925e-06 
  2289   5.8782e-06 
  2290   5.8640e-06 
  2291   5.8497e-06 
  2292   5.8356e-06 
  2293   5.8214e-06 
  2294   5.8073e-06 
  2295   5.7932e-06 
  2296   5.7792e-06 
  2297   5.7652e-06 
  2298   5.7512e-06 
  2299   5.7373e-06 
  2300   5.7234e-06 
  2301   5.7096e-06 
  2302   5.6958e-06 
  2303   5.6820e-06 
  2304   5.6683e-06 
  2305   5.6546e-06 
  2306   5.6409e-06 
  2307   5.6273e-06 
  2308   5.6137e-06 
  2309   0.0000e+00 
  2310   5.5880e-06 
  2311   5.5746e-06 
  2312   5.5611e-06 
  2313   5.5478e-06 
  2314   5.5344e-06 
  2315   5.5211e-06 
  2316   5.5079e-06 
  2317   5.4947e-06 
  2318   5.4815e-06 
  2319   5.4683e-06 
  2320   5.4552e-06 
  2321   5.4422e-06 
  2322   5.4291e-06 
  2323   5.4161e-06 
  2324   5.4032e-06 
  2325   5.3902e-06 
  2326   5.3773e-06 
  2327   5.3645e-06 
  2328   5.3516e-06 
  2329   5.3389e-06 
  2330   5.3261e-06 
  2331   5.3134e-06 
  2332   5.3007e-06 
  2333   5.2880e-06 
  2334   5.2754e-06 
  2335   5.2628e-06 
  2336   5.2502e-06 
  2337   5.2377e-06 
  2338   5.2252e-06 
  2339   5.2128e-06 
  2340   5.2004e-06 
  2341   5.1880e-06 
  2342   5.1757e-06 
  2343   5.1634e-06 
  2344   5.1511e-06 
  2345   5.1389e-06 
  2346   5.1267e-06 
  2347   5.1145e-06 
  2348   5.1024e-06 
  2349   5.0902e-06 
  2350   5.0794e-06 
  2351   5.0674e-06 
  2352   5.0553e-06 
  2353   5.0434e-06 
  2354   5.0314e-06 
  2355   5.0195e-06 
  2356   5.0076e-06 
  2357   4.9958e-06 
  2358   4.9839e-06 
  2359   4.9722e-06 
  2360   4.9604e-06 
  2361   4.9487e-06 
  2362   4.9370e-06 
  2363   4.9253e-06 
  2364   4.9137e-06 
  2365   4.9021e-06 
  2366   4.8905e-06 
  2367   4.8789e-06 
  2368   4.8674e-06 
  2369   4.8559e-06 
  2370   4.8445e-06 
  2371   4.8330e-06 
  2372   4.8216e-06 
  2373   4.8103e-06 
  2374   4.7989e-06 
  2375   4.7876e-06 
  2376   4.7763e-06 
  2377   4.7651e-06 
  2378   4.7538e-06 
  2379   4.7427e-06 
  2380   4.7315e-06 
  2381   4.7204e-06 
  2382   4.7093e-06 
  2383   4.6982e-06 
  2384   4.6871e-06 
  2385   4.6761e-06 
  2386   4.6651e-06 
  2387   4.6542e-06 
  2388   4.6432e-06 
  2389   4.6323e-06 
  2390   4.6215e-06 
  2391   4.6106e-06 
  2392   4.5998e-06 
  2393   4.5891e-06 
  2394   4.5783e-06 
  2395   4.5676e-06 
  2396   4.5570e-06 
  2397   4.5463e-06 
  2398   4.5357e-06 
  2399   4.5251e-06 
  2400   4.5146e-06 
  2401   4.5040e-06 
  2402   4.4935e-06 
  2403   4.4831e-06 
  2404   4.4726e-06 
  2405   4.4622e-06 
  2406   4.4518e-06 
  2407   4.4414e-06 
  2408   4.4311e-06 
  2409   4.4208e-06 
  2410   4.4105e-06 
  2411   4.4002e-06 
  2412   4.3900e-06 
  2413   4.3797e-06 
  2414   4.3696e-06 
  2415   4.3594e-06 
  2416   4.3492e-06 
  2417   4.3391e-06 
  2418   4.3290e-06 
  2419   4.3190e-06 
  2420   4.3089e-06 
  2421   4.2989e-06 
  2422   4.2889e-06 
  2423   4.2790e-06 
  2424   4.2691e-06 
  2425   4.2592e-06 
  2426   4.2493e-06 
  2427   4.2394e-06 
  2428   4.2296e-06 
  2429   4.2198e-06 
  2430   4.2100e-06 
  2431   4.2002e-06 
  2432   4.1905e-06 
  2433   4.1808e-06 
  2434   4.1711e-06 
  2435   4.1614e-06 
  2436   4.1518e-06 
  2437   4.1422e-06 
  2438   4.1326e-06 
  2439   4.1231e-06 
  2440   4.1135e-06 
  2441   4.1040e-06 
  2442   4.0945e-06 
  2443   4.0851e-06 
  2444   4.0756e-06 
  2445   4.0662e-06 
  2446   4.0568e-06 
  2447   4.0474e-06 
  2448   4.0381e-06 
  2449   4.0288e-06 
  2450   4.0195e-06 
  2451   4.0102e-06 
  2452   4.0009e-06 
  2453   3.9917e-06 
  2454   3.9825e-06 
  2455   3.9733e-06 
  2456   3.9641e-06 
  2457   3.9550e-06 
  2458   3.9459e-06 
  2459   3.9368e-06 
  2460   3.9277e-06 
  2461   3.9187e-06 
  2462   3.9097e-06 
  2463   3.9007e-06 
  2464   3.8917e-06 
  2465   3.8828e-06 
  2466   3.8738e-06 
  2467   3.8649e-06 
  2468   3.8560e-06 
  2469   3.8472e-06 
  2470   3.8383e-06 
  2471   3.8295e-06 
  2472   3.8207e-06 
  2473   3.8120e-06 
  2474   3.8032e-06 
  2475   3.7945e-06 
  2476   3.7858e-06 
  2477   3.7771e-06 
  2478   3.7684e-06 
  2479   3.7598e-06 
  2480   3.7511e-06 
  2481   3.7425e-06 
  2482   3.7340e-06 
  2483   3.7254e-06 
  2484   3.7169e-06 
  2485   3.7084e-06 
  2486   3.6999e-06 
  2487   3.6914e-06 
  2488   3.6830e-06 
  2489   3.6745e-06 
  2490   3.6661e-06 
  2491   3.6578e-06 
  2492   3.6494e-06 
  2493   3.6411e-06 
  2494   3.6327e-06 
  2495   3.6244e-06 
  2496   3.6162e-06 
  2497   3.6079e-06 
  2498   3.5997e-06 
  2499   3.5914e-06 
  2500   3.5833e-06 
  2501   3.5751e-06 
  2502   3.5669e-06 
  2503   3.5588e-06 
  2504   3.5507e-06 
  2505   3.5426e-06 
  2506   3.5345e-06 
  2507   3.5264e-06 
  2508   3.5184e-06 
  2509   3.5104e-06 
  2510   3.5024e-06 
  2511   3.4944e-06 
  2512   3.4865e-06 
  2513   3.4785e-06 
  2514   3.4706e-06 
  2515   3.4627e-06 
  2516   3.4549e-06 
  2517   3.4470e-06 
  2518   3.4392e-06 
  2519   3.4314e-06 
  2520   3.4236e-06 
  2521   3.4158e-06 
  2522   3.4080e-06 
  2523   3.4003e-06 
  2524   3.3926e-06 
  2525   3.3849e-06 
  2526   3.3772e-06 
  2527   3.3696e-06 
  2528   3.3619e-06 
  2529   3.3543e-06 
  2530   3.3467e-06 
  2531   3.3392e-06 
  2532   3.3316e-06 
  2533   3.3241e-06 
  2534   3.3165e-06 
  2535   3.3090e-06 
  2536   3.3016e-06 
  2537   3.2941e-06 
  2538   3.2867e-06 
  2539   3.2793e-06 
  2540   3.2719e-06 
  2541   3.2645e-06 
  2542   3.2571e-06 
  2543   3.2498e-06 
  2544   3.2425e-06 
  2545   3.2352e-06 
  2546   3.2279e-06 
  2547   3.2206e-06 
  2548   3.2134e-06 
  2549   3.2061e-06 
  2550   3.1989e-06 
  2551   3.1917e-06 
  2552   3.1845e-06 
  2553   3.1774e-06 
  2554   3.1702e-06 
  2555   3.1631e-06 
  2556   3.1560e-06 
  2557   3.1489e-06 
  2558   3.1418e-06 
  2559   3.1348e-06 
  2560   3.1278e-06 
  2561   3.1207e-06 
  2562   3.1137e-06 
  2563   3.1067e-06 
  2564   3.0998e-06 
  2565   3.0928e-06 
  2566   3.0859e-06 
  2567   3.0790e-06 
  2568   3.0721e-06 
  2569   3.0652e-06 
  2570   3.0583e-06 
  2571   3.0514e-06 
  2572   3.0446e-06 
  2573   3.0378e-06 
  2574   3.0310e-06 
  2575   3.0242e-06 
  2576   3.0174e-06 
  2577   3.0107e-06 
  2578   3.0039e-06 
  2579   2.9972e-06 
  2580   2.9905e-06 
  2581   2.9838e-06 
  2582   2.9771e-06 
  2583   2.9705e-06 
  2584   2.9638e-06 
  2585   2.9572e-06 
  2586   2.9506e-06 
  2587   2.9440e-06 
  2588   2.9374e-06 
  2589   2.9308e-06 
  2590   2.9243e-06 
  2591   2.9177e-06 
  2592   2.9112e-06 
  2593   2.9047e-06 
  2594   2.8982e-06 
  2595   2.8918e-06 
  2596   2.8853e-06 
  2597   2.8789e-06 
  2598   2.8724e-06 
  2599   2.8660e-06 
  2600   2.8596e-06 
  2601   2.8532e-06 
  2602   2.8469e-06 
  2603   2.8405e-06 
  2604   2.8342e-06 
  2605   2.8279e-06 
  2606   2.8216e-06 
  2607   2.8153e-06 
  2608   2.8090e-06 
  2609   2.8027e-06 
  2610   2.7965e-06 
  2611   2.7903e-06 
  2612   2.7841e-06 
  2613   2.7779e-06 
  2614   2.7717e-06 
  2615   2.7655e-06 
  2616   2.7593e-06 
  2617   2.7532e-06 
  2618   2.7471e-06 
  2619   2.7409e-06 
  2620   2.7348e-06 
  2621   2.7288e-06 
  2622   2.7227e-06 
  2623   2.7166e-06 
  2624   2.7106e-06 
  2625   2.7046e-06 
  2626   2.6985e-06 
  2627   2.6925e-06 
  2628   2.6866e-06 
  2629   2.6806e-06 
  2630   2.6746e-06 
  2631   2.6687e-06 
  2632   2.6628e-06 
  2633   2.6568e-06 
  2634   2.6509e-06 
  2635   2.6450e-06 
  2636   2.6392e-06 
  2637   2.6333e-06 
  2638   2.6275e-06 
  2639   2.6216e-06 
  2640   2.6158e-06 
  2641   2.6100e-06 
  2642   2.6042e-06 
  2643   2.5984e-06 
  2644   2.5927e-06 
  2645   2.5869e-06 
  2646   2.5812e-06 
  2647   2.5755e-06 
  2648   2.5697e-06 
  2649   2.5640e-06 
  2650   2.5584e-06 
  2651   2.5527e-06 
  2652   2.5470e-06 
  2653   2.5414e-06 
  2654   2.5358e-06 
  2655   2.5302e-06 
  2656   2.5246e-06 
  2657   2.5190e-06 
  2658   2.5134e-06 
  2659   2.5078e-06 
  2660   2.5023e-06 
  2661   2.4968e-06 
  2662   2.4912e-06 
  2663   2.4857e-06 
  2664   2.4802e-06 
  2665   2.4748e-06 
  2666   2.4693e-06 
  2667   2.4638e-06 
  2668   2.4584e-06 
  2669   2.4530e-06 
  2670   2.4476e-06 
  2671   2.4422e-06 
  2672   2.4368e-06 
  2673   2.4314e-06 
  2674   2.4261e-06 
  2675   2.4207e-06 
  2676   2.4154e-06 
  2677   2.4100e-06 
  2678   2.4047e-06 
  2679   2.3994e-06 
  2680   2.3941e-06 
  2681   2.3889e-06 
  2682   2.3836e-06 
  2683   2.3783e-06 
  2684   2.3731e-06 
  2685   2.3679e-06 
  2686   2.3627e-06 
  2687   2.3575e-06 
  2688   2.3523e-06 
  2689   2.3471e-06 
  2690   2.3419e-06 
  2691   2.3368e-06 
  2692   2.3316e-06 
  2693   2.3265e-06 
  2694   2.3214e-06 
  2695   2.3163e-06 
  2696   2.3112e-06 
  2697   2.3061e-06 
  2698   2.3010e-06 
  2699   2.2960e-06 
  2700   2.2909e-06 
  2701   2.2859e-06 
  2702   2.2809e-06 
  2703   2.2759e-06 
  2704   2.2709e-06 
  2705   2.2659e-06 
  2706   2.2609e-06 
  2707   2.2559e-06 
  2708   2.2510e-06 
  2709   2.2460e-06 
  2710   2.2411e-06 
  2711   2.2362e-06 
  2712   2.2313e-06 
  2713   2.2264e-06 
  2714   2.2215e-06 
  2715   2.2166e-06 
  2716   2.2118e-06 
  2717   2.2069e-06 
  2718   2.2021e-06 
  2719   2.1973e-06 
  2720   2.1925e-06 
  2721   2.1877e-06 
  2722   2.1829e-06 
  2723   2.1781e-06 
  2724   2.1733e-06 
  2725   2.1686e-06 
  2726   2.1638e-06 
  2727   2.1591e-06 
  2728   2.1544e-06 
  2729   2.1496e-06 
  2730   2.1449e-06 
  2731   2.1403e-06 
  2732   2.1356e-06 
  2733   2.1309e-06 
  2734   2.1262e-06 
  2735   2.1216e-06 
  2736   2.1170e-06 
  2737   2.1123e-06 
  2738   2.1077e-06 
  2739   2.1031e-06 
  2740   2.0985e-06 
  2741   2.0939e-06 
  2742   2.0894e-06 
  2743   2.0848e-06 
  2744   2.0802e-06 
  2745   2.0757e-06 
  2746   2.0712e-06 
  2747   2.0667e-06 
  2748   2.0621e-06 
  2749   2.0576e-06 
  2750   2.0532e-06 
  2751   2.0487e-06 
  2752   2.0442e-06 
  2753   2.0397e-06 
  2754   2.0353e-06 
  2755   2.0309e-06 
  2756   2.0264e-06 
  2757   2.0220e-06 
  2758   2.0176e-06 
  2759   2.0132e-06 
  2760   2.0088e-06 
  2761   2.0044e-06 
  2762   2.0001e-06 
  2763   1.9957e-06 
  2764   1.9914e-06 
  2765   1.9870e-06 
  2766   1.9827e-06 
  2767   1.9784e-06 
  2768   1.9741e-06 
  2769   1.9698e-06 
  2770   1.9655e-06 
  2771   1.9612e-06 
  2772   1.9569e-06 
  2773   1.9527e-06 
  2774   1.9484e-06 
  2775   1.9442e-06 
  2776   1.9400e-06 
  2777   1.9357e-06 
  2778   1.9315e-06 
  2779   1.9273e-06 
  2780   1.9231e-06 
  2781   1.9190e-06 
  2782   1.9148e-06 
  2783   1.9106e-06 
  2784   1.9065e-06 
  2785   1.9023e-06 
  2786   1.8982e-06 
  2787   1.8941e-06 
  2788   1.8899e-06 
  2789   1.8858e-06 
  2790   1.8818e-06 
  2791   1.8777e-06 
  2792   1.8736e-06 
  2793   1.8695e-06 
  2794   1.8655e-06 
  2795   1.8614e-06 
  2796   1.8574e-06 
  2797   1.8533e-06 
  2798   1.8493e-06 
  2799   1.8453e-06 
  2800   1.8413e-06 
  2801   1.8373e-06 
  2802   1.8333e-06 
  2803   1.8294e-06 
  2804   1.8254e-06 
  2805   1.8214e-06 
  2806   1.8175e-06 
  2807   1.8136e-06 
  2808   1.8096e-06 
  2809   1.8057e-06 
  2810   1.8018e-06 
  2811   1.7979e-06 
  2812   1.7940e-06 
  2813   1.7901e-06 
  2814   1.7862e-06 
  2815   1.7824e-06 
  2816   1.7785e-06 
  2817   1.7746e-06 
  2818   1.7708e-06 
  2819   1.7670e-06 
  2820   1.7631e-06 
  2821   1.7593e-06 
  2822   1.7555e-06 
  2823   1.7517e-06 
  2824   1.7479e-06 
  2825   1.7441e-06 
  2826   1.7404e-06 
  2827   1.7366e-06 
  2828   1.7328e-06 
  2829   1.7291e-06 
  2830   1.7254e-06 
  2831   1.7216e-06 
  2832   1.7179e-06 
  2833   1.7142e-06 
  2834   1.7105e-06 
  2835   1.7068e-06 
  2836   1.7031e-06 
  2837   1.6994e-06 
  2838   1.6957e-06 
  2839   1.6921e-06 
  2840   1.6884e-06 
  2841   1.6848e-06 
  2842   1.6811e-06 
  2843   1.6775e-06 
  2844   1.6739e-06 
  2845   1.6703e-06 
  2846   1.6667e-06 
  2847   1.6631e-06 
  2848   1.6595e-06 
  2849   1.6559e-06 
  2850   1.6523e-06 
  2851   1.6487e-06 
  2852   1.6452e-06 
  2853   1.6416e-06 
  2854   1.6381e-06 
  2855   1.6345e-06 
  2856   1.6310e-06 
  2857   1.6275e-06 
  2858   1.6240e-06 
  2859   1.6205e-06 
  2860   1.6170e-06 
  2861   1.6135e-06 
  2862   1.6100e-06 
  2863   1.6066e-06 
  2864   1.6031e-06 
  2865   1.5996e-06 
  2866   1.5962e-06 
  2867   1.5927e-06 
  2868   1.5893e-06 
  2869   1.5859e-06 
  2870   1.5825e-06 
  2871   1.5791e-06 
  2872   1.5757e-06 
  2873   1.5723e-06 
  2874   1.5689e-06 
  2875   1.5655e-06 
  2876   1.5621e-06 
  2877   1.5588e-06 
  2878   1.5554e-06 
  2879   1.5520e-06 
  2880   1.5487e-06 
  2881   1.5454e-06 
  2882   1.5420e-06 
  2883   1.5387e-06 
  2884   1.5354e-06 
  2885   1.5321e-06 
  2886   1.5288e-06 
  2887   1.5255e-06 
  2888   1.5222e-06 
  2889   1.5190e-06 
  2890   1.5157e-06 
  2891   1.5124e-06 
  2892   1.5092e-06 
  2893   1.5059e-06 
  2894   1.5027e-06 
  2895   1.4995e-06 
  2896   1.4962e-06 
  2897   1.4930e-06 
  2898   1.4898e-06 
  2899   1.4866e-06 
  2900   1.4834e-06 
  2901   1.4802e-06 
  2902   1.4770e-06 
  2903   1.4739e-06 
  2904   1.4707e-06 
  2905   1.4675e-06 
  2906   1.4644e-06 
  2907   1.4612e-06 
  2908   1.4581e-06 
  2909   1.4550e-06 
  2910   1.4519e-06 
  2911   1.4487e-06 
  2912   1.4474e-06 
  2913   1.4444e-06 
  2914   1.4413e-06 
  2915   1.4382e-06 
  2916   1.4351e-06 
  2917   1.4320e-06 
  2918   1.4289e-06 
  2919   1.4259e-06 
  2920   1.4228e-06 
  2921   1.4197e-06 
  2922   1.4167e-06 
  2923   1.4137e-06 
  2924   1.4106e-06 
  2925   1.4076e-06 
  2926   1.4046e-06 
  2927   1.4016e-06 
  2928   1.3986e-06 
  2929   1.3956e-06 
  2930   1.3926e-06 
  2931   1.3896e-06 
  2932   1.3866e-06 
  2933   1.3836e-06 
  2934   1.3807e-06 
  2935   1.3777e-06 
  2936   1.3747e-06 
  2937   1.3718e-06 
  2938   1.3689e-06 
  2939   1.3659e-06 
  2940   1.3630e-06 
  2941   1.3601e-06 
  2942   1.3572e-06 
  2943   1.3543e-06 
  2944   1.3514e-06 
  2945   1.3485e-06 
  2946   1.3456e-06 
  2947   1.3427e-06 
  2948   1.3398e-06 
  2949   1.3369e-06 
  2950   1.3341e-06 
  2951   1.3312e-06 
  2952   1.3284e-06 
  2953   1.3255e-06 
  2954   1.3227e-06 
  2955   1.3199e-06 
  2956   1.3171e-06 
  2957   1.3142e-06 
  2958   1.3114e-06 
  2959   1.3086e-06 
  2960   1.3058e-06 
  2961   1.3030e-06 
  2962   1.3003e-06 
  2963   1.2975e-06 
  2964   1.2947e-06 
  2965   1.2919e-06 
  2966   1.2892e-06 
  2967   1.2864e-06 
  2968   1.2837e-06 
  2969   1.2809e-06 
  2970   1.2782e-06 
  2971   1.2755e-06 
  2972   1.2728e-06 
  2973   1.2700e-06 
  2974   1.2673e-06 
  2975   1.2646e-06 
  2976   1.2619e-06 
  2977   1.2592e-06 
  2978   1.2565e-06 
  2979   1.2539e-06 
  2980   1.2512e-06 
  2981   1.2485e-06 
  2982   1.2459e-06 
  2983   1.2432e-06 
  2984   1.2405e-06 
  2985   1.2379e-06 
  2986   1.2353e-06 
  2987   1.2326e-06 
  2988   1.2300e-06 
  2989   1.2274e-06 
  2990   1.2248e-06 
  2991   1.2222e-06 
  2992   1.2195e-06 
  2993   1.2169e-06 
  2994   1.2144e-06 
  2995   1.2118e-06 
  2996   1.2092e-06 
  2997   1.2066e-06 
  2998   1.2040e-06 
  2999   1.2015e-06 
  3000   1.1989e-06 
  3001   1.1964e-06 
  3002   1.1938e-06 
  3003   1.1913e-06 
  3004   1.1887e-06 
  3005   1.1862e-06 
  3006   1.1837e-06 
  3007   1.1812e-06 
  3008   1.1786e-06 
  3009   1.1761e-06 
  3010   1.1736e-06 
  3011   1.1711e-06 
  3012   1.1686e-06 
  3013   1.1661e-06 
  3014   1.1637e-06 
  3015   1.1612e-06 
  3016   1.1587e-06 
  3017   1.1563e-06 
  3018   1.1538e-06 
  3019   1.1513e-06 
  3020   1.1489e-06 
  3021   1.1464e-06 
  3022   1.1440e-06 
  3023   1.1416e-06 
  3024   1.1391e-06 
  3025   1.1367e-06 
  3026   1.1343e-06 
  3027   1.1319e-06 
  3028   1.1295e-06 
  3029   1.1271e-06 
  3030   1.1247e-06 
  3031   1.1223e-06 
  3032   1.1199e-06 
  3033   1.1175e-06 
  3034   1.1152e-06 
  3035   1.1128e-06 
  3036   1.1104e-06 
  3037   1.1081e-06 
  3038   1.1057e-06 
  3039   1.1034e-06 
  3040   1.1010e-06 
  3041   1.0987e-06 
  3042   1.0963e-06 
  3043   1.0940e-06 
  3044   1.0917e-06 
  3045   1.0894e-06 
  3046   1.0870e-06 
  3047   1.0847e-06 
  3048   1.0824e-06 
  3049   1.0801e-06 
  3050   1.0778e-06 
  3051   1.0756e-06 
  3052   1.0733e-06 
  3053   1.0710e-06 
  3054   1.0687e-06 
  3055   1.0665e-06 
  3056   1.0642e-06 
  3057   1.0619e-06 
  3058   1.0597e-06 
  3059   1.0574e-06 
  3060   1.0552e-06 
  3061   1.0529e-06 
  3062   1.0507e-06 
  3063   1.0485e-06 
  3064   1.0463e-06 
  3065   1.0440e-06 
  3066   1.0418e-06 
  3067   1.0396e-06 
  3068   1.0374e-06 
  3069   1.0352e-06 
  3070   1.0330e-06 
  3071   1.0308e-06 
  3072   1.0286e-06 
  3073   1.0265e-06 
  3074   1.0243e-06 
  3075   1.0221e-06 
  3076   1.0199e-06 
  3077   1.0178e-06 
  3078   1.0156e-06 
  3079   1.0135e-06 
  3080   1.0113e-06 
  3081   1.0092e-06 
  3082   1.0070e-06 
  3083   1.0049e-06 
  3084   1.0028e-06 
  3085   1.0006e-06 
  3086   9.9853e-07 
  3087   9.9642e-07 
  3088   9.9430e-07 
  3089   9.9220e-07 
  3090   9.9010e-07 
  3091   9.8800e-07 
  3092   9.8591e-07 
  3093   9.8382e-07 
  3094   9.8174e-07 
  3095   9.7966e-07 
  3096   9.7759e-07 
  3097   9.7552e-07 
  3098   9.7346e-07 
  3099   9.7140e-07 
  3100   9.6934e-07 
  3101   9.6729e-07 
  3102   9.6525e-07 
  3103   9.6320e-07 
  3104   9.6117e-07 
  3105   9.5913e-07 
  3106   9.5711e-07 
  3107   9.5508e-07 
  3108   9.5306e-07 
  3109   9.5105e-07 
  3110   9.4904e-07 
  3111   9.4703e-07 
  3112   9.4503e-07 
  3113   9.4303e-07 
  3114   9.4104e-07 
  3115   9.3905e-07 
  3116   9.3706e-07 
  3117   9.3508e-07 
  3118   9.3310e-07 
  3119   9.3113e-07 
  3120   9.2916e-07 
  3121   9.2720e-07 
  3122   9.2524e-07 
  3123   9.2329e-07 
  3124   9.2134e-07 
  3125   9.1939e-07 
  3126   9.1745e-07 
  3127   9.1551e-07 
  3128   9.1358e-07 
  3129   9.1165e-07 
  3130   9.0972e-07 
  3131   9.0780e-07 
  3132   9.0588e-07 
  3133   9.0397e-07 
  3134   9.0206e-07 
  3135   9.0016e-07 
  3136   8.9825e-07 
  3137   8.9636e-07 
  3138   8.9447e-07 
  3139   8.9258e-07 
  3140   8.9069e-07 
  3141   8.8881e-07 
  3142   8.8694e-07 
  3143   8.8507e-07 
  3144   8.8320e-07 
  3145   8.8133e-07 
  3146   8.7947e-07 
  3147   8.7762e-07 
  3148   8.7577e-07 
  3149   8.7392e-07 
  3150   8.7207e-07 
  3151   8.7023e-07 
  3152   8.6840e-07 
  3153   8.6657e-07 
  3154   8.6474e-07 
  3155   8.6291e-07 
  3156   8.6109e-07 
  3157   8.5928e-07 
  3158   8.5747e-07 
  3159   8.5566e-07 
  3160   8.5385e-07 
  3161   8.5205e-07 
  3162   8.5026e-07 
  3163   8.4846e-07 
  3164   8.4667e-07 
  3165   8.4489e-07 
  3166   8.4311e-07 
  3167   8.4133e-07 
  3168   8.3956e-07 
  3169   8.3779e-07 
  3170   8.3602e-07 
  3171   8.3426e-07 
  3172   8.3250e-07 
  3173   8.3075e-07 
  3174   8.2900e-07 
  3175   8.2725e-07 
  3176   8.2551e-07 
  3177   8.2377e-07 
  3178   8.2203e-07 
  3179   8.2030e-07 
  3180   8.1857e-07 
  3181   8.1685e-07 
  3182   8.1513e-07 
  3183   8.1341e-07 
  3184   8.1170e-07 
  3185   8.0999e-07 
  3186   8.0828e-07 
  3187   8.0658e-07 
  3188   8.0488e-07 
  3189   8.0319e-07 
  3190   8.0149e-07 
  3191   7.9981e-07 
  3192   7.9812e-07 
  3193   7.9644e-07 
  3194   7.9477e-07 
  3195   7.9309e-07 
  3196   7.9142e-07 
  3197   7.8976e-07 
  3198   7.8810e-07 
  3199   7.8644e-07 
  3200   7.8478e-07 
  3201   7.8313e-07 
  3202   7.8148e-07 
  3203   7.7984e-07 
  3204   7.7820e-07 
  3205   7.7656e-07 
  3206   7.7493e-07 
  3207   7.7330e-07 
  3208   7.7167e-07 
  3209   7.7005e-07 
  3210   7.6843e-07 
  3211   7.6681e-07 
  3212   7.6520e-07 
  3213   7.6359e-07 
  3214   7.6198e-07 
  3215   7.6038e-07 
  3216   7.5878e-07 
  3217   7.5719e-07 
  3218   7.5560e-07 
  3219   7.5401e-07 
  3220   7.5242e-07 
  3221   7.5084e-07 
  3222   7.4926e-07 
  3223   7.4769e-07 
  3224   7.4612e-07 
  3225   7.4455e-07 
  3226   7.4299e-07 
  3227   7.4142e-07 
  3228   7.3987e-07 
  3229   7.3831e-07 
  3230   7.3676e-07 
  3231   7.3521e-07 
  3232   7.3367e-07 
  3233   7.3213e-07 
  3234   7.3059e-07 
  3235   7.2906e-07 
  3236   7.2753e-07 
  3237   7.2600e-07 
  3238   7.2447e-07 
  3239   7.2295e-07 
  3240   7.2143e-07 
  3241   7.1992e-07 
  3242   7.1841e-07 
  3243   7.1690e-07 
  3244   7.1539e-07 
  3245   7.1389e-07 
  3246   7.1239e-07 
  3247   7.1090e-07 
  3248   7.0941e-07 
  3249   7.0792e-07 
  3250   7.0643e-07 
  3251   7.0495e-07 
  3252   7.0347e-07 
  3253   7.0199e-07 
  3254   7.0052e-07 
  3255   6.9905e-07 
  3256   6.9758e-07 
  3257   6.9612e-07 
  3258   6.9466e-07 
  3259   6.9320e-07 
  3260   6.9175e-07 
  3261   6.9030e-07 
  3262   6.8885e-07 
  3263   6.8741e-07 
  3264   6.8597e-07 
  3265   6.8453e-07 
  3266   6.8310e-07 
  3267   6.8167e-07 
  3268   6.8024e-07 
  3269   6.7881e-07 
  3270   6.7739e-07 
  3271   6.7597e-07 
  3272   6.7455e-07 
  3273   6.7314e-07 
  3274   6.7173e-07 
  3275   6.7032e-07 
  3276   6.6892e-07 
  3277   6.6752e-07 
  3278   6.6612e-07 
  3279   6.6473e-07 
  3280   6.6333e-07 
  3281   6.6195e-07 
  3282   6.6056e-07 
  3283   6.5918e-07 
  3284   6.5780e-07 
  3285   6.5642e-07 
  3286   6.5505e-07 
  3287   6.5368e-07 
  3288   6.5231e-07 
  3289   6.5094e-07 
  3290   6.4958e-07 
  3291   6.4822e-07 
  3292   6.4687e-07 
  3293   6.4551e-07 
  3294   6.4416e-07 
  3295   6.4281e-07 
  3296   6.4147e-07 
  3297   6.4013e-07 
  3298   6.3879e-07 
  3299   6.3745e-07 
  3300   6.3612e-07 
  3301   6.3479e-07 
  3302   6.3346e-07 
  3303   6.3213e-07 
  3304   6.3081e-07 
  3305   6.2949e-07 
  3306   6.2818e-07 
  3307   6.2686e-07 
  3308   6.2555e-07 
  3309   6.2424e-07 
  3310   6.2294e-07 
  3311   6.2164e-07 
  3312   6.2034e-07 
  3313   6.1904e-07 
  3314   6.1774e-07 
  3315   6.1645e-07 
  3316   6.1516e-07 
  3317   6.1388e-07 
  3318   6.1259e-07 
  3319   6.1131e-07 
  3320   6.1004e-07 
  3321   6.0876e-07 
  3322   6.0749e-07 
  3323   6.0622e-07 
  3324   6.0495e-07 
  3325   6.0369e-07 
  3326   6.0243e-07 
  3327   6.0117e-07 
  3328   5.9991e-07 
  3329   5.9866e-07 
  3330   5.9741e-07 
  3331   5.9616e-07 
  3332   5.9491e-07 
  3333   5.9367e-07 
  3334   5.9243e-07 
  3335   5.9119e-07 
  3336   5.8996e-07 
  3337   5.8872e-07 
  3338   5.8749e-07 
  3339   5.8627e-07 
  3340   5.8504e-07 
  3341   5.8382e-07 
  3342   5.8260e-07 
  3343   5.8138e-07 
  3344   5.8017e-07 
  3345   5.7896e-07 
  3346   5.7775e-07 
  3347   5.7654e-07 
  3348   5.7534e-07 
  3349   5.7414e-07 
  3350   5.7294e-07 
  3351   5.7174e-07 
  3352   5.7055e-07 
  3353   5.6936e-07 
  3354   5.6817e-07 
  3355   5.6699e-07 
  3356   5.6580e-07 
  3357   5.6462e-07 
  3358   5.6344e-07 
  3359   5.6227e-07 
  3360   5.6110e-07 
  3361   5.5992e-07 
  3362   5.5876e-07 
  3363   5.5759e-07 
  3364   5.5643e-07 
  3365   5.5527e-07 
  3366   5.5411e-07 
  3367   5.5295e-07 
  3368   5.5180e-07 
  3369   5.5065e-07 
  3370   5.4950e-07 
  3371   5.4836e-07 
  3372   5.4721e-07 
  3373   5.4607e-07 
  3374   5.4493e-07 
  3375   5.4380e-07 
  3376   5.4266e-07 
  3377   5.4153e-07 
  3378   5.4040e-07 
  3379   5.3927e-07 
  3380   5.3815e-07 
  3381   5.3703e-07 
  3382   5.3591e-07 
  3383   5.3479e-07 
  3384   5.3368e-07 
  3385   5.3256e-07 
  3386   5.3145e-07 
  3387   5.3035e-07 
  3388   5.2924e-07 
  3389   5.2814e-07 
  3390   5.2704e-07 
  3391   5.2594e-07 
  3392   5.2485e-07 
  3393   5.2375e-07 
  3394   5.2266e-07 
  3395   5.2157e-07 
  3396   5.2049e-07 
  3397   5.1940e-07 
  3398   5.1832e-07 
  3399   5.1724e-07 
  3400   5.1616e-07 
  3401   5.1509e-07 
  3402   5.1402e-07 
  3403   5.1429e-07 
  3404   5.1345e-07 
  3405   5.1306e-07 
  3406   5.1204e-07 
  3407   5.1098e-07 
  3408   5.0991e-07 
  3409   5.0884e-07 
  3410   5.0778e-07 
  3411   5.0672e-07 
  3412   5.0566e-07 
  3413   5.0460e-07 
  3414   5.0355e-07 
  3415   5.0250e-07 
  3416   5.0145e-07 
  3417   5.0040e-07 
  3418   4.9935e-07 
  3419   4.9831e-07 
  3420   4.9727e-07 
  3421   4.9623e-07 
  3422   4.9519e-07 
  3423   4.9415e-07 
  3424   4.9312e-07 
  3425   4.9209e-07 
  3426   4.9106e-07 
  3427   4.9003e-07 
  3428   4.8901e-07 
  3429   4.8799e-07 
  3430   4.8697e-07 
  3431   4.8595e-07 
  3432   4.8493e-07 
  3433   4.8392e-07 
  3434   4.8291e-07 
  3435   4.8190e-07 
  3436   4.8089e-07 
  3437   4.7989e-07 
  3438   4.7888e-07 
  3439   4.7788e-07 
  3440   4.7688e-07 
  3441   4.7589e-07 
  3442   4.7489e-07 
  3443   4.7390e-07 
  3444   4.7291e-07 
  3445   4.7192e-07 
  3446   4.7094e-07 
  3447   4.6995e-07 
  3448   4.6897e-07 
  3449   4.6799e-07 
  3450   4.6701e-07 
  3451   4.6604e-07 
  3452   4.6506e-07 
  3453   4.6409e-07 
  3454   4.6312e-07 
  3455   4.6216e-07 
  3456   4.6119e-07 
  3457   4.6023e-07 
  3458   4.5927e-07 
  3459   4.5831e-07 
  3460   4.5735e-07 
  3461   4.5639e-07 
  3462   4.5544e-07 
  3463   4.5449e-07 
  3464   4.5354e-07 
  3465   4.5259e-07 
  3466   4.5165e-07 
  3467   4.5071e-07 
  3468   4.4976e-07 
  3469   4.4883e-07 
  3470   4.4789e-07 
  3471   4.4695e-07 
  3472   4.4602e-07 
  3473   4.4509e-07 
  3474   4.4416e-07 
  3475   4.4323e-07 
  3476   4.4231e-07 
  3477   4.4138e-07 
  3478   4.4046e-07 
  3479   4.3954e-07 
  3480   4.3863e-07 
  3481   4.3771e-07 
  3482   4.3680e-07 
  3483   4.3588e-07 
  3484   4.3497e-07 
  3485   4.3407e-07 
  3486   4.3316e-07 
  3487   4.3226e-07 
  3488   4.3136e-07 
  3489   4.3045e-07 
  3490   4.2956e-07 
  3491   4.2866e-07 
  3492   4.2777e-07 
  3493   4.2687e-07 
  3494   4.2598e-07 
  3495   4.2509e-07 
  3496   4.2421e-07 
  3497   4.2332e-07 
  3498   4.2244e-07 
  3499   4.2156e-07 
  3500   4.2068e-07 
  3501   4.1980e-07 
  3502   4.1892e-07 
  3503   4.1805e-07 
  3504   4.1718e-07 
  3505   4.1631e-07 
  3506   4.1544e-07 
  3507   4.1457e-07 
  3508   4.1371e-07 
  3509   4.1285e-07 
  3510   4.1199e-07 
  3511   4.1113e-07 
  3512   4.1027e-07 
  3513   4.0941e-07 
  3514   4.0856e-07 
  3515   4.0771e-07 
  3516   4.0686e-07 
  3517   4.0601e-07 
  3518   4.0517e-07 
  3519   4.0432e-07 
  3520   4.0348e-07 
  3521   4.0264e-07 
  3522   4.0180e-07 
  3523   4.0096e-07 
  3524   4.0013e-07 
  3525   3.9929e-07 
  3526   3.9846e-07 
  3527   3.9763e-07 
  3528   3.9680e-07 
  3529   3.9597e-07 
  3530   3.9515e-07 
  3531   3.9433e-07 
  3532   3.9350e-07 
  3533   3.9268e-07 
  3534   3.9187e-07 
  3535   3.9105e-07 
  3536   3.9023e-07 
  3537   3.8942e-07 
  3538   3.8861e-07 
  3539   3.8780e-07 
  3540   3.8699e-07 
  3541   3.8619e-07 
  3542   3.8538e-07 
  3543   3.8458e-07 
  3544   3.8378e-07 
  3545   3.8298e-07 
  3546   3.8218e-07 
  3547   3.8139e-07 
  3548   3.8059e-07 
  3549   3.7980e-07 
  3550   3.7901e-07 
  3551   3.7822e-07 
  3552   3.7743e-07 
  3553   3.7665e-07 
  3554   3.7586e-07 
  3555   3.7508e-07 
  3556   3.7430e-07 
  3557   3.7352e-07 
  3558   3.7274e-07 
  3559   3.7197e-07 
  3560   3.7119e-07 
  3561   3.7042e-07 
  3562   3.6965e-07 
  3563   3.6888e-07 
  3564   3.6811e-07 
  3565   3.6735e-07 
  3566   3.6658e-07 
  3567   3.6582e-07 
  3568   3.6506e-07 
  3569   3.6430e-07 
  3570   3.6354e-07 
  3571   3.6278e-07 
  3572   3.6203e-07 
  3573   3.6127e-07 
  3574   3.6052e-07 
  3575   3.5977e-07 
  3576   3.5902e-07 
  3577   3.5828e-07 
  3578   3.5753e-07 
  3579   3.5679e-07 
  3580   3.5605e-07 
  3581   3.5530e-07 
  3582   3.5457e-07 
  3583   3.5383e-07 
  3584   3.5309e-07 
  3585   3.5236e-07 
  3586   3.5162e-07 
  3587   3.5089e-07 
  3588   3.5016e-07 
  3589   3.4943e-07 
  3590   3.4871e-07 
  3591   3.4798e-07 
  3592   3.4726e-07 
  3593   3.4654e-07 
  3594   3.4581e-07 
  3595   3.4510e-07 
  3596   3.4438e-07 
  3597   3.4366e-07 
  3598   3.4295e-07 
  3599   3.4223e-07 
  3600   3.4152e-07 
  3601   3.4081e-07 
  3602   3.4010e-07 
  3603   3.3940e-07 
  3604   3.3869e-07 
  3605   3.3799e-07 
  3606   3.3728e-07 
  3607   3.3658e-07 
  3608   3.3588e-07 
  3609   3.3518e-07 
  3610   3.3449e-07 
  3611   3.3379e-07 
  3612   3.3310e-07 
  3613   3.3240e-07 
  3614   3.3171e-07 
  3615   3.3102e-07 
  3616   3.3034e-07 
  3617   3.2965e-07 
  3618   3.2896e-07 
  3619   3.2828e-07 
  3620   3.2760e-07 
  3621   3.2692e-07 
  3622   3.2624e-07 
  3623   3.2556e-07 
  3624   3.2488e-07 
  3625   3.2421e-07 
  3626   3.2353e-07 
  3627   3.2286e-07 
  3628   3.2219e-07 
  3629   3.2152e-07 
  3630   3.2085e-07 
  3631   3.2018e-07 
  3632   3.1952e-07 
  3633   3.1886e-07 
  3634   3.1819e-07 
  3635   3.1753e-07 
  3636   3.1687e-07 
  3637   3.1621e-07 
  3638   3.1556e-07 
  3639   3.1490e-07 
  3640   3.1425e-07 
  3641   3.1359e-07 
  3642   3.1294e-07 
  3643   3.1229e-07 
  3644   3.1164e-07 
  3645   3.1100e-07 
  3646   3.1035e-07 
  3647   3.0970e-07 
  3648   3.0906e-07 
  3649   3.0842e-07 
  3650   3.0778e-07 
  3651   3.0714e-07 
  3652   3.0650e-07 
  3653   3.0587e-07 
  3654   3.0523e-07 
  3655   3.0460e-07 
  3656   3.0396e-07 
  3657   3.0333e-07 
  3658   3.0270e-07 
  3659   3.0207e-07 
  3660   3.0145e-07 
  3661   3.0082e-07 
  3662   3.0020e-07 
  3663   2.9957e-07 
  3664   2.9895e-07 
  3665   2.9833e-07 
  3666   2.9771e-07 
  3667   2.9709e-07 
  3668   2.9648e-07 
  3669   2.9586e-07 
  3670   2.9525e-07 
  3671   2.9463e-07 
  3672   2.9402e-07 
  3673   2.9341e-07 
  3674   2.9280e-07 
  3675   2.9219e-07 
  3676   2.9159e-07 
  3677   2.9098e-07 
  3678   2.9038e-07 
  3679   2.8977e-07 
  3680   2.8917e-07 
  3681   2.8857e-07 
  3682   2.8797e-07 
  3683   2.8738e-07 
  3684   2.8678e-07 
  3685   2.8618e-07 
  3686   2.8559e-07 
  3687   2.8500e-07 
  3688   2.8441e-07 
  3689   2.8382e-07 
  3690   2.8323e-07 
  3691   2.8264e-07 
  3692   2.8205e-07 
  3693   2.8147e-07 
  3694   2.8088e-07 
  3695   2.8030e-07 
  3696   2.7972e-07 
  3697   2.7914e-07 
  3698   2.7856e-07 
  3699   2.7798e-07 
  3700   2.7740e-07 
  3701   2.7683e-07 
  3702   2.7625e-07 
  3703   2.7568e-07 
  3704   2.7511e-07 
  3705   2.7454e-07 
  3706   2.7397e-07 
  3707   2.7340e-07 
  3708   2.7283e-07 
  3709   2.7227e-07 
  3710   2.7170e-07 
  3711   2.7114e-07 
  3712   2.7058e-07 
  3713   2.7002e-07 
  3714   2.6946e-07 
  3715   2.6890e-07 
  3716   2.6834e-07 
  3717   2.6778e-07 
  3718   2.6723e-07 
  3719   2.6667e-07 
  3720   2.6612e-07 
  3721   2.6557e-07 
  3722   2.6502e-07 
  3723   2.6447e-07 
  3724   2.6392e-07 
  3725   2.6337e-07 
  3726   2.6283e-07 
  3727   2.6228e-07 
  3728   2.6174e-07 
  3729   2.6119e-07 
  3730   2.6065e-07 
  3731   2.6011e-07 
  3732   2.5957e-07 
  3733   2.5904e-07 
  3734   2.5850e-07 
  3735   2.5796e-07 
  3736   2.5743e-07 
  3737   2.5689e-07 
  3738   2.5636e-07 
  3739   2.5583e-07 
  3740   2.5530e-07 
  3741   2.5477e-07 
  3742   2.5424e-07 
  3743   2.5372e-07 
  3744   2.5319e-07 
  3745   2.5267e-07 
  3746   2.5214e-07 
  3747   2.5162e-07 
  3748   2.5110e-07 
  3749   2.5058e-07 
  3750   2.5006e-07 
  3751   2.4954e-07 
  3752   2.4902e-07 
  3753   2.4851e-07 
  3754   2.4799e-07 
  3755   2.4748e-07 
  3756   2.4697e-07 
  3757   2.4645e-07 
  3758   2.4594e-07 
  3759   2.4543e-07 
  3760   2.4493e-07 
  3761   2.4442e-07 
  3762   2.4391e-07 
  3763   2.4341e-07 
  3764   2.4290e-07 
  3765   2.4240e-07 
  3766   2.4190e-07 
  3767   2.4140e-07 
  3768   2.4090e-07 
  3769   2.4040e-07 
  3770   2.3990e-07 
  3771   2.3940e-07 
  3772   2.3891e-07 
  3773   2.3841e-07 
  3774   2.3792e-07 
  3775   2.3742e-07 
  3776   2.3693e-07 
  3777   2.3644e-07 
  3778   2.3595e-07 
  3779   2.3546e-07 
  3780   2.3498e-07 
  3781   2.3449e-07 
  3782   2.3400e-07 
  3783   2.3352e-07 
  3784   2.3303e-07 
  3785   2.3255e-07 
  3786   2.3207e-07 
  3787   2.3159e-07 
  3788   2.3111e-07 
  3789   2.3063e-07 
  3790   2.3015e-07 
  3791   2.2968e-07 
  3792   2.2920e-07 
  3793   2.2873e-07 
  3794   2.2825e-07 
  3795   2.2778e-07 
  3796   2.2731e-07 
  3797   2.2684e-07 
  3798   2.2637e-07 
  3799   2.2590e-07 
  3800   2.2543e-07 
  3801   2.2497e-07 
  3802   2.2450e-07 
  3803   2.2404e-07 
  3804   2.2357e-07 
  3805   2.2311e-07 
  3806   2.2265e-07 
  3807   2.2219e-07 
  3808   2.2173e-07 
  3809   2.2127e-07 
  3810   2.2081e-07 
  3811   2.2035e-07 
  3812   2.1990e-07 
  3813   2.1944e-07 
  3814   2.1899e-07 
  3815   2.1854e-07 
  3816   2.1808e-07 
  3817   2.1763e-07 
  3818   2.1718e-07 
  3819   2.1673e-07 
  3820   2.1628e-07 
  3821   2.1584e-07 
  3822   2.1539e-07 
  3823   2.1494e-07 
  3824   2.1450e-07 
  3825   2.1406e-07 
  3826   2.1361e-07 
  3827   2.1317e-07 
  3828   2.1273e-07 
  3829   2.1229e-07 
  3830   2.1185e-07 
  3831   2.1141e-07 
  3832   2.1097e-07 
  3833   2.1054e-07 
  3834   2.1010e-07 
  3835   2.0967e-07 
  3836   2.0923e-07 
  3837   2.0880e-07 
  3838   2.0837e-07 
  3839   2.0794e-07 
  3840   2.0751e-07 
  3841   2.0708e-07 
  3842   2.0665e-07 
  3843   2.0622e-07 
  3844   2.0580e-07 
  3845   2.0537e-07 
  3846   2.0495e-07 
  3847   2.0452e-07 
  3848   2.0410e-07 
  3849   2.0368e-07 
  3850   2.0325e-07 
  3851   2.0283e-07 
  3852   2.0242e-07 
  3853   2.0200e-07 
  3854   2.0158e-07 
  3855   2.0116e-07 
  3856   2.0075e-07 
  3857   2.0033e-07 
  3858   1.9992e-07 
  3859   1.9950e-07 
  3860   1.9909e-07 
  3861   1.9868e-07 
  3862   1.9827e-07 
  3863   1.9786e-07 
  3864   1.9745e-07 
  3865   1.9704e-07 
  3866   1.9663e-07 
  3867   1.9623e-07 
  3868   1.9582e-07 
  3869   1.9542e-07 
  3870   1.9501e-07 
  3871   1.9461e-07 
  3872   1.9421e-07 
  3873   1.9380e-07 
  3874   1.9340e-07 
  3875   1.9300e-07 
  3876   1.9260e-07 
  3877   1.9221e-07 
  3878   1.9181e-07 
  3879   1.9141e-07 
  3880   1.9102e-07 
  3881   1.9062e-07 
  3882   1.9023e-07 
  3883   1.8984e-07 
  3884   1.8944e-07 
  3885   1.8905e-07 
  3886   1.8961e-07 
  3887   1.9001e-07 
  3888   1.8922e-07 
  3889   1.8964e-07 
  3890   1.8926e-07 
  3891   1.8886e-07 
  3892   1.8847e-07 
  3893   1.8807e-07 
  3894   1.8768e-07 
  3895   1.8729e-07 
  3896   1.8690e-07 
  3897   1.8651e-07 
  3898   1.8612e-07 
  3899   1.8573e-07 
  3900   1.8534e-07 
  3901   1.8495e-07 
  3902   1.8457e-07 
  3903   1.8418e-07 
  3904   1.8380e-07 
  3905   1.8341e-07 
  3906   1.8303e-07 
  3907   1.8265e-07 
  3908   1.8226e-07 
  3909   1.8188e-07 
  3910   1.8150e-07 
  3911   1.8112e-07 
  3912   1.8074e-07 
  3913   1.8037e-07 
  3914   1.7999e-07 
  3915   1.7961e-07 
  3916   1.7924e-07 
  3917   1.7886e-07 
  3918   1.7849e-07 
  3919   1.7811e-07 
  3920   1.7774e-07 
  3921   1.7737e-07 
  3922   1.7700e-07 
  3923   1.7663e-07 
  3924   1.7626e-07 
  3925   1.7589e-07 
  3926   1.7552e-07 
  3927   1.7515e-07 
  3928   1.7479e-07 
  3929   1.7442e-07 
  3930   1.7406e-07 
  3931   1.7369e-07 
  3932   1.7333e-07 
  3933   1.7297e-07 
  3934   1.7261e-07 
  3935   1.7224e-07 
  3936   1.7188e-07 
  3937   1.7152e-07 
  3938   1.7117e-07 
  3939   1.7081e-07 
  3940   1.7045e-07 
  3941   1.7009e-07 
  3942   1.6974e-07 
  3943   1.6938e-07 
  3944   1.6903e-07 
  3945   1.6867e-07 
  3946   1.6832e-07 
  3947   1.6797e-07 
  3948   1.6762e-07 
  3949   1.6727e-07 
  3950   1.6692e-07 
  3951   1.6657e-07 
  3952   1.6622e-07 
  3953   1.6587e-07 
  3954   1.6553e-07 
  3955   1.6518e-07 
  3956   1.6483e-07 
  3957   1.6449e-07 
  3958   1.6414e-07 
  3959   1.6380e-07 
  3960   1.6346e-07 
  3961   1.6312e-07 
  3962   1.6278e-07 
  3963   1.6244e-07 
  3964   1.6210e-07 
  3965   1.6176e-07 
  3966   1.6142e-07 
  3967   1.6108e-07 
  3968   1.6074e-07 
  3969   1.6041e-07 
  3970   1.6007e-07 
  3971   1.5974e-07 
  3972   1.5940e-07 
  3973   1.5907e-07 
  3974   1.5874e-07 
  3975   1.5841e-07 
  3976   1.5807e-07 
  3977   1.5774e-07 
  3978   1.5741e-07 
  3979   1.5708e-07 
  3980   1.5676e-07 
  3981   1.5643e-07 
  3982   1.5610e-07 
  3983   1.5577e-07 
  3984   1.5545e-07 
  3985   1.5512e-07 
  3986   1.5480e-07 
  3987   1.5448e-07 
  3988   1.5415e-07 
  3989   1.5383e-07 
  3990   1.5351e-07 
  3991   1.5319e-07 
  3992   1.5287e-07 
  3993   1.5255e-07 
  3994   1.5223e-07 
  3995   1.5191e-07 
  3996   1.5159e-07 
  3997   1.5128e-07 
  3998   1.5096e-07 
  3999   1.5064e-07 
  4000   1.5033e-07 
  4001   1.5002e-07 
  4002   1.4970e-07 
  4003   1.4939e-07 
  4004   1.4908e-07 
  4005   1.4877e-07 
  4006   1.4845e-07 
  4007   1.4814e-07 
  4008   1.4783e-07 
  4009   1.4753e-07 
  4010   1.4722e-07 
  4011   1.4691e-07 
  4012   1.4660e-07 
  4013   1.4630e-07 
  4014   1.4599e-07 
  4015   1.4569e-07 
  4016   1.4538e-07 
  4017   1.4508e-07 
  4018   1.4477e-07 
  4019   1.4447e-07 
  4020   1.4417e-07 
  4021   1.4387e-07 
  4022   1.4357e-07 
  4023   1.4327e-07 
  4024   1.4297e-07 
  4025   1.4267e-07 
  4026   1.4237e-07 
  4027   1.4208e-07 
  4028   1.4178e-07 
  4029   1.4148e-07 
  4030   1.4119e-07 
  4031   1.4089e-07 
  4032   1.4060e-07 
  4033   1.4030e-07 
  4034   1.4001e-07 
  4035   1.3972e-07 
  4036   1.3943e-07 
  4037   1.3914e-07 
  4038   1.3885e-07 
  4039   1.3856e-07 
  4040   1.3827e-07 
  4041   1.3798e-07 
  4042   1.3769e-07 
  4043   1.3740e-07 
  4044   1.3711e-07 
  4045   1.3683e-07 
  4046   1.3654e-07 
  4047   1.3626e-07 
  4048   1.3597e-07 
  4049   1.3569e-07 
  4050   1.3541e-07 
  4051   1.3512e-07 
  4052   1.3484e-07 
  4053   1.3456e-07 
  4054   1.3428e-07 
  4055   1.3400e-07 
  4056   1.3372e-07 
  4057   1.3344e-07 
  4058   1.3316e-07 
  4059   1.3288e-07 
  4060   1.3261e-07 
  4061   1.3233e-07 
  4062   1.3205e-07 
  4063   1.3178e-07 
  4064   1.3150e-07 
  4065   1.3123e-07 
  4066   1.3095e-07 
  4067   1.3068e-07 
  4068   1.3041e-07 
  4069   1.3013e-07 
  4070   1.2986e-07 
  4071   1.2959e-07 
  4072   1.2932e-07 
  4073   1.2905e-07 
  4074   1.2878e-07 
  4075   1.2851e-07 
  4076   1.2825e-07 
  4077   1.2798e-07 
  4078   1.2771e-07 
  4079   1.2744e-07 
  4080   1.2718e-07 
  4081   1.2691e-07 
  4082   1.2665e-07 
  4083   1.2638e-07 
  4084   1.2612e-07 
  4085   1.2586e-07 
  4086   1.2559e-07 
  4087   1.2533e-07 
  4088   1.2507e-07 
  4089   1.2481e-07 
  4090   1.2455e-07 
  4091   1.2429e-07 
  4092   1.2403e-07 
  4093   1.2377e-07 
  4094   1.2351e-07 
  4095   1.2325e-07 
  4096   1.2300e-07 
  4097   1.2274e-07 
  4098   1.2248e-07 
  4099   1.2223e-07 
  4100   1.2197e-07 
  4101   1.2172e-07 
  4102   1.2147e-07 
  4103   1.2121e-07 
  4104   1.2096e-07 
  4105   1.2071e-07 
  4106   1.2045e-07 
  4107   1.2020e-07 
  4108   1.1995e-07 
  4109   1.1970e-07 
  4110   1.1945e-07 
  4111   1.1920e-07 
  4112   1.1895e-07 
  4113   1.1871e-07 
  4114   1.1846e-07 
  4115   1.1821e-07 
  4116   1.1797e-07 
  4117   1.1772e-07 
  4118   1.1747e-07 
  4119   1.1723e-07 
  4120   1.1698e-07 
  4121   1.1674e-07 
  4122   1.1650e-07 
  4123   1.1625e-07 
  4124   1.1601e-07 
  4125   1.1577e-07 
  4126   1.1553e-07 
  4127   1.1529e-07 
  4128   1.1505e-07 
  4129   1.1481e-07 
  4130   1.1457e-07 
  4131   1.1433e-07 
  4132   1.1409e-07 
  4133   1.1385e-07 
  4134   1.1361e-07 
  4135   1.1338e-07 
  4136   1.1314e-07 
  4137   1.1290e-07 
  4138   1.1267e-07 
  4139   1.1243e-07 
  4140   1.1220e-07 
  4141   1.1197e-07 
  4142   1.1173e-07 
  4143   1.1150e-07 
  4144   1.1127e-07 
  4145   1.1103e-07 
  4146   1.1080e-07 
  4147   1.1057e-07 
  4148   1.1034e-07 
  4149   1.1011e-07 
  4150   1.0988e-07 
  4151   1.0965e-07 
  4152   1.0942e-07 
  4153   1.0920e-07 
  4154   1.0897e-07 
  4155   1.0874e-07 
  4156   1.0851e-07 
  4157   1.0829e-07 
  4158   1.0806e-07 
  4159   1.0784e-07 
  4160   1.0761e-07 
  4161   1.0739e-07 
  4162   1.0716e-07 
  4163   1.0694e-07 
  4164   1.0672e-07 
  4165   1.0649e-07 
  4166   1.0627e-07 
  4167   1.0605e-07 
  4168   1.0583e-07 
  4169   1.0561e-07 
  4170   1.0539e-07 
  4171   1.0517e-07 
  4172   1.0495e-07 
  4173   1.0473e-07 
  4174   1.0451e-07 
  4175   1.0429e-07 
  4176   1.0408e-07 
  4177   1.0386e-07 
  4178   1.0364e-07 
  4179   1.0343e-07 
  4180   1.0321e-07 
  4181   1.0300e-07 
  4182   1.0278e-07 
  4183   1.0257e-07 
  4184   1.0235e-07 
  4185   1.0214e-07 
  4186   1.0193e-07 
  4187   1.0172e-07 
  4188   1.0150e-07 
  4189   1.0129e-07 
  4190   1.0108e-07 
  4191   1.0087e-07 
  4192   1.0066e-07 
  4193   1.0045e-07 
  4194   1.0024e-07 
  4195   1.0003e-07 
  4196   9.9823e-08 
