log10L1
-0.828610 
-0.830564 
-0.829230 
-0.828378 
-0.826287 
-0.824860 
-0.820016 
-0.819502 
-0.811101 
-0.811923 
-0.799571 
-0.799827 
-0.783804 
-0.778576 
-0.762820 
-0.751584 
-0.745440 
-0.777633 
-1.021077 
-1.483383 
-1.329485 
-1.300870 
-1.296511 
-1.296163 
-1.296894 
-1.297577 
-1.298235 
-1.298822 
-1.299347 
-1.299816 
-1.300235 
-1.300610 
-1.300944 
-1.301230 
-1.301478 
-1.301713 
-1.301928 
-1.302120 
-1.302292 
-1.302445 
-1.302583 
-1.302705 
-1.302815 
-1.302913 
-1.303000 
-1.303079 
-1.303149 
-1.303211 
-1.303267 
-1.303316 
-1.303361 
-1.303400 
-1.303435 
-1.303467 
-1.303495 
-1.303520 
-1.303545 
-1.303574 
-1.303623 
-1.303733 
-1.304028 
-1.304856 
-1.307206 
-1.313858 
-1.331930 
-1.353316 
-1.273113 
-1.312092 
-1.544139 
-1.883258 
-2.286450 
-2.731776 
-3.203946 
-3.671014 
-3.936290 
-4.022707 
-4.065645 
-4.104277 
-4.143191 
-4.182225 
-4.220178 
-4.256371 
-4.291746 
-4.326049 
-4.358829 
-4.390688 
-4.421297 
-4.450921 
-4.478715 
-4.505265 
-4.531271 
-4.556733 
-4.581655 
-4.606066 
-4.629979 
-4.653402 
-4.676245 
-4.698630 
-4.720462 
-4.741858 
-4.762844 
-4.783435 
-4.803690 
-4.823485 
-4.842926 
-4.861984 
-4.880722 
-4.899161 
-4.917316 
-4.935200 
-4.952827 
-4.970171 
-4.987199 
-5.003959 
-5.020522 
-5.036900 
-5.053011 
-5.068827 
-5.084500 
-5.100040 
-5.115400 
-5.130474 
-5.145442 
-5.160320 
-5.175091 
-5.189672 
-5.203959 
-5.218057 
-5.232083 
-5.245969 
-5.259807 
-5.273630 
-5.287439 
-5.301234 
-5.315016 
-5.328787 
-5.342547 
-5.356297 
-5.370001 
-5.383656 
-5.397299 
-5.410881 
-5.424463 
-5.438046 
-5.451632 
-5.465219 
-5.478808 
-5.492429 
-5.506031 
-5.519621 
-5.533209 
-5.546799 
-5.560391 
-5.573982 
-5.587573 
-5.601165 
-5.614759 
-5.628353 
-5.641949 
-5.655546 
-5.669144 
-5.682743 
-5.696342 
-5.709942 
-5.723543 
-5.737145 
-5.750747 
-5.764350 
-5.777953 
-5.791557 
-5.805161 
-5.818766 
-5.832371 
-5.845976 
-5.859582 
-5.873188 
-5.886795 
-5.900401 
-5.914008 
-5.927615 
-5.941223 
-5.954830 
-5.968438 
-5.981784 
-5.995407 
-6.009023 
-6.022640 
-6.036256 
-6.049873 
-6.063490 
-6.077107 
-6.090724 
-6.104341 
-6.117959 
-6.131576 
-6.145194 
-6.158811 
-6.172429 
-6.186047 
-6.199665 
-6.213283 
-6.226901 
-6.240519 
-6.254137 
-6.267755 
-6.281373 
-6.294991 
-6.308609 
-6.322227 
-6.335846 
-6.349464 
-6.363082 
-6.375444 
-6.389035 
-6.402697 
-6.416359 
-6.430020 
-6.443682 
-6.457343 
-6.471004 
-6.484664 
-6.498325 
-6.511986 
-6.525646 
-6.539307 
-6.552967 
-6.566628 
-6.580288 
-6.593949 
-6.607610 
-6.621270 
-6.634931 
-6.648591 
-6.662252 
-6.675912 
-6.689573 
-6.699425 
-6.713156 
-6.726929 
-6.740721 
-6.754511 
-6.768300 
-6.782087 
-6.795873 
-6.809659 
-6.823445 
-6.837230 
-6.851015 
-6.864800 
-6.878585 
-6.892369 
-6.903370 
-6.911821 
-6.925977 
-6.940019 
-6.954089 
-6.968152 
-6.982212 
-6.996269 
-7.010324 
-7.024378 
-7.038432 
-7.052484 
-7.066537 
-7.080589 
-7.094641 
-7.108693 
-7.122745 
-7.136796 
-7.150848 
-7.164900 
-7.178951 
-7.193003 
-7.207055 
-7.221106 
-7.235158 
-7.249209 
-7.263261 
-7.277312 
-7.291364 
-7.294753 
-7.307456 
-7.321884 
-7.336378 
-7.350875 
-7.365361 
-7.379838 
-7.394309 
-7.408776 
-7.423241 
-7.437703 
-7.452164 
-7.466624 
-7.481084 
-7.495543 
-7.510002 
-7.524461 
-7.538920 
-7.553378 
-7.567837 
